0
0
2.70627e-008
1.36935e-007
3.44755e-007
5.13693e-007
2.02919e-007
-1.51807e-006
-6.27557e-006
-1.65994e-005
-3.61086e-005
-6.96478e-005
-0.000123347
-0.00020458
-0.000321797
-0.000484226
-0.000701435
-0.000982769
-0.00133669
-0.00177005
-0.00228736
-0.00289014
-0.00357631
-0.00433987
-0.00517077
-0.00605505
-0.00697537
-0.00791184
-0.00884315
-0.00974798
-0.0106066
-0.0114025
-0.012124
-0.0127659
-0.0133305
-0.0138283
-0.0142782
-0.0147072
-0.0151494
-0.015644
-0.0162337
-0.0171329
-0.0184283
-0.0201951
-0.0224905
-0.0253483
-0.0287737
-0.0327406
-0.0371896
-0.0420282
-0.0471337
-0.0523572
-0.05753
-0.0624713
-0.066997
-0.0709293
-0.0741062
-0.0763906
-0.0776779
-0.0779023
-0.0770415
-0.0751181
-0.0721996
-0.0683948
-0.0638492
-0.0587376
-0.0532553
-0.0476084
-0.0420038
-0.036639
-0.0316929
-0.0273179
-0.0236337
-0.0207226
-0.0186276
-0.0173526
-0.0168639
-0.0170949
-0.0179508
-0.0193158
-0.0210599
-0.0230465
-0.0251396
-0.0272099
-0.0291409
-0.030833
-0.0322063
-0.0332026
-0.0337853
-0.033939
-0.0336673
-0.0329901
-0.0319409
-0.0305633
-0.0289076
-0.0270279
-0.0249794
-0.0228164
-0.0205901
-0.0183484
-0.0161344
-0.0139873
-0.0119414
-0.0100277
-0.00827347
-0.00670316
-0.00533876
-0.00419998
-0.00330422
-0.00266663
-0.00229964
-0.00221259
-0.00241107
-0.00289656
-0.00366568
-0.00470999
-0.00601556
-0.00756292
-0.00932723
-0.0112784
-0.0133837
-0.0156055
-0.0179006
-0.0202244
-0.0225315
-0.0247767
-0.0269165
-0.0289094
-0.0307172
-0.032306
-0.0336464
-0.0347147
-0.0354933
-0.0359708
-0.0361426
-0.0360108
-0.0355841
-0.0348781
-0.0339143
-0.0327198
-0.031327
-0.0297726
-0.0280969
-0.0263428
-0.0245549
-0.0227786
-0.021059
-0.0194399
-0.0179626
-0.0166656
-0.0155831
-0.0147445
-0.0141739
-0.0138894
-0.0139024
-0.014218
-0.0148344
-0.0157431
-0.0169289
-0.0183707
-0.0200415
-0.0219091
-0.0239371
-0.0260852
-0.0283107
-0.030569
-0.0328146
-0.0350025
-0.0370888
-0.0390318
-0.0407929
-0.0423376
-0.0436363
-0.0446644
-0.0454038
-0.0458423
-0.0459747
-0.0458023
-0.0453333
-0.0445824
-0.0435704
-0.0423242
-0.0408754
-0.0392604
-0.0375192
-0.0356943
-0.0338304
-0.0319727
-0.0301665
-0.0284556
-0.0268818
-0.0254839
-0.0242966
-0.0233499
-0.0226683
-0.0222707
-0.0221691
-0.0223695
-0.0228707
-0.0236648
-0.0247375
-0.0260681
-0.0276304
-0.0293926
-0.0313187
-0.0333689
-0.0355006
-0.0376694
-0.0398298
-0.0419368
-0.0439463
-0.0458162
-0.0475078
-0.048986
-0.0502205
-0.0511865
-0.0518648
-0.052243
-0.0523148
-0.0520809
-0.0515489
-0.0507328
-0.0496528
-0.048335
-0.0468108
-0.045116
-0.0432902
-0.0413759
-0.0394175
-0.0374602
-0.0355492
-0.0337288
-0.032041
-0.0305247
-0.0292153
-0.0281432
-0.0273338
-0.0268062
-0.0265736
-0.0266423
-0.0270119
-0.0276754
-0.028619
-0.0298228
-0.031261
-0.0329025
-0.0347116
-0.0366489
-0.0386721
-0.0407368
-0.0427979
-0.04481
-0.046729
-0.0485125
-0.0501214
-0.0515202
-0.0526782
-0.0535697
-0.0541753
-0.0544814
-0.0544814
-0.0541753
-0.0535698
-0.0526782
-0.0515202
-0.0501214
-0.0485125
-0.0467289
-0.04481
-0.0427979
-0.0407369
-0.0386721
-0.0366489
-0.0347116
-0.0329025
-0.031261
-0.0298228
-0.028619
-0.0276754
-0.0270119
-0.0266423
-0.0265736
-0.0268063
-0.0273338
-0.0281433
-0.0292153
-0.0305247
-0.032041
-0.0337288
-0.0355493
-0.0374602
-0.0394175
-0.0413759
-0.0432902
-0.045116
-0.0468108
-0.048335
-0.0496528
-0.0507327
-0.0515489
-0.0520809
-0.0523147
-0.0522429
-0.0518649
-0.0511865
-0.0502206
-0.048986
-0.0475078
-0.0458162
-0.0439463
-0.0419368
-0.0398299
-0.0376694
-0.0355006
-0.0333689
-0.0313187
-0.0293926
-0.0276304
-0.0260681
-0.0247374
-0.0236648
-0.0228706
-0.0223695
-0.0221691
-0.0222707
-0.0226683
-0.0233499
-0.0242966
-0.025484
-0.0268819
-0.0284556
-0.0301665
-0.0319727
-0.0338304
-0.0356943
-0.0375191
-0.0392604
-0.0408754
-0.0423242
-0.0435704
-0.0445824
-0.0453333
-0.0458023
-0.0459747
-0.0458423
-0.0454038
-0.0446645
-0.0436363
-0.0423377
-0.0407929
-0.0390318
-0.0370888
-0.0350025
-0.0328146
-0.030569
-0.0283107
-0.0260852
-0.023937
-0.0219091
-0.0200415
-0.0183707
-0.0169289
-0.0157431
-0.0148344
-0.014218
-0.0139024
-0.0138894
-0.014174
-0.0147445
-0.0155831
-0.0166656
-0.0179626
-0.0194398
-0.021059
-0.0227786
-0.0245549
-0.0263428
-0.0280969
-0.0297726
-0.031327
-0.0327198
-0.0339143
-0.0348781
-0.0355841
-0.0360107
-0.0361426
-0.0359708
-0.0354933
-0.0347147
-0.0336464
-0.032306
-0.0307172
-0.0289094
-0.0269165
-0.0247767
-0.0225315
-0.0202244
-0.0179006
-0.0156055
-0.0133837
-0.0112784
-0.00933009
-0.0075756
-0.0060476
-0.00477366
-0.00377566
-0.00306933
-0.00266387
-0.00256182
-0.0027589
-0.00324421
-0.00400038
-0.00500406
-0.00622626
-0.00763322
-0.00918704
-0.0108465
-0.012568
-0.0143067
-0.016017
-0.0176543
-0.0191755
-0.0205399
-0.0217104
-0.0226542
-0.0233435
-0.0237561
-0.023876
-0.0236937
-0.0232064
-0.0224179
-0.0213388
-0.0199864
-0.0183836
-0.0165592
-0.0145467
-0.0123839
-0.0101119
-0.00777427
-0.00541586
-0.00308215
-0.000817935
0.00133343
0.00333121
0.00513798
0.00672068
0.00805119
0.00910699
0.00987168
0.0103353
0.0104947
0.0103534
0.00992158
0.00921598
0.00825938
0.0070801
0.0057115
0.00419105
0.00255971
0.000860786
-0.000860795
-0.00255972
-0.00419105
-0.0057115
-0.00708011
-0.00825936
-0.009216
-0.00992159
-0.0103534
-0.0104947
-0.0103353
-0.00987167
-0.00910699
-0.0080512
-0.00672069
-0.00513798
-0.00333119
-0.00133344
0.000817936
0.00308214
0.00541585
0.00777426
0.0101119
0.0123839
0.0145467
0.0165592
0.0183836
0.0199864
0.0213388
0.0224178
0.0232064
0.0236937
0.023876
0.0237561
0.0233435
0.0226542
0.0217104
0.0205399
0.0191755
0.0176543
0.016017
0.0143067
0.012568
0.0108465
0.00918706
0.00763323
0.00622625
0.00500406
0.0040004
0.00324422
0.00275889
0.00256182
0.00266386
0.00306933
0.00377567
0.00477367
0.0060476
0.00757557
0.00933008
0.0112784
0.0133837
0.0156055
0.0179006
0.0202244
0.0225315
0.0247767
0.0269165
0.0289094
0.0307172
0.032306
0.0336464
0.0347147
0.0354933
0.0359708
0.0361426
0.0360108
0.0355841
0.0348781
0.0339143
0.0327198
0.031327
0.0297726
0.0280969
0.0263428
0.0245549
0.0227786
0.021059
0.0194399
0.0179626
0.0166656
0.0155831
0.0147445
0.0141739
0.0138894
0.0139024
0.014218
0.0148344
0.0157431
0.0169289
0.0183707
0.0200415
0.0219091
0.0239371
0.0260852
0.0283107
0.030569
0.0328146
0.0350025
0.0370888
0.0390318
0.0407929
0.0423376
0.0436363
0.0446644
0.0454038
0.0458423
0.0459747
0.0458023
0.0453333
0.0445824
0.0435704
0.0423242
0.0408754
0.0392604
0.0375192
0.0356943
0.0338304
0.0319727
0.0301665
0.0284556
0.0268818
0.0254839
0.0242966
0.0233499
0.0226683
0.0222707
0.0221691
0.0223695
0.0228707
0.0236648
0.0247375
0.0260681
0.0276304
0.0293926
0.0313187
0.0333689
0.0355006
0.0376694
0.0398298
0.0419368
0.0439463
0.0458162
0.0475078
0.048986
0.0502205
0.0511865
0.0518648
0.052243
0.0523148
0.0520809
0.0515489
0.0507328
0.0496528
0.048335
0.0468108
0.045116
0.0432902
0.0413759
0.0394175
0.0374602
0.0355492
0.0337288
0.032041
0.0305247
0.0292153
0.0281432
0.0273338
0.0268062
0.0265736
0.0266423
