5.33036e-006
5.33596e-006
5.35756e-006
5.40489e-006
5.49199e-006
5.62998e-006
5.82118e-006
6.0553e-006
6.30675e-006
6.5365e-006
6.69353e-006
6.71873e-006
6.54524e-006
6.10106e-006
5.3089e-006
4.08724e-006
2.35017e-006
1.04792e-007
3.04493e-006
6.89034e-006
1.16391e-005
1.73973e-005
2.4274e-005
3.23819e-005
4.18358e-005
5.27528e-005
6.52523e-005
7.94539e-005
9.54788e-005
0.000113448
0.000133482
0.000155701
0.000180222
0.000207162
0.000236632
0.000268743
0.000303598
0.000341298
0.000381937
0.000425602
0.000472373
0.000522324
0.000575518
0.000632011
0.000691848
0.000755064
0.000821682
0.000891715
0.000965164
0.00104202
0.00112225
0.00120582
0.00129269
0.00138277
0.00147601
0.00157229
0.00167153
0.00177358
0.00187833
0.00198562
0.00209528
0.00220715
0.00232104
0.00243673
0.00255402
0.00267269
0.0027925
0.0029132
0.00303453
0.00315624
0.00327806
0.00339969
0.00352087
0.00364129
0.00376068
0.00387872
0.00399513
0.00410961
0.00422185
0.00433157
0.00443848
0.00454227
0.00464268
0.00473942
0.00483223
0.00492084
0.005005
0.00508448
0.00515904
0.00522848
0.00529258
0.00535116
0.00540406
0.0054511
0.00549216
0.00552712
0.00555586
0.0055783
0.00559438
0.00560405
0.00560727
0.00560405
0.00559438
0.0055783
0.00555586
0.00552711
0.00549216
0.0054511
0.00540405
0.00535116
0.00529258
0.00522848
0.00515904
0.00508448
0.005005
0.00492084
0.00483223
0.00473942
0.00464268
0.00454227
0.00443848
0.00433158
0.00422185
0.00410961
0.00399513
0.00387872
0.00376068
0.00364129
0.00352087
0.00339969
0.00327805
0.00315624
0.00303453
0.00291319
0.00279249
0.00267269
0.00255402
0.00243673
0.00232103
0.00220715
0.00209528
0.00198561
0.00187833
0.00177358
0.00167152
0.00157229
0.00147601
0.00138277
0.00129269
0.00120583
0.00112225
0.00104202
0.000965174
0.000891726
0.000821694
0.000755075
0.00069186
0.000632023
0.000575528
0.000522331
0.000472376
0.000425599
0.000381927
0.000341281
0.000303571
0.000268706
0.000236584
0.000207102
0.000180151
0.00015562
0.000133394
0.000113356
9.53898e-005
7.93772e-005
6.52015e-005
5.27478e-005
4.19037e-005
3.25639e-005
2.46325e-005
1.80323e-005
1.27239e-005
8.74997e-006
6.29001e-006
5.47197e-006
5.78745e-006
6.41734e-006
6.91272e-006
7.12794e-006
7.04107e-006
6.67708e-006
6.0769e-006
5.2866e-006
4.35319e-006
3.32226e-006
2.24172e-006
1.18646e-006
5.99451e-007
1.3358e-006
2.31678e-006
3.26173e-006
4.12835e-006
4.89839e-006
5.56149e-006
6.11203e-006
6.54773e-006
6.86976e-006
7.08155e-006
7.18894e-006
7.2006e-006
7.12662e-006
6.97927e-006
6.77236e-006
6.52101e-006
6.24205e-006
5.95301e-006
5.67197e-006
5.41664e-006
5.20289e-006
5.04298e-006
4.94412e-006
4.90695e-006
4.92544e-006
4.98896e-006
5.08323e-006
5.19424e-006
5.30801e-006
5.41332e-006
5.50095e-006
5.56478e-006
5.60103e-006
5.60852e-006
5.58813e-006
5.54341e-006
5.47905e-006
5.40212e-006
5.3206e-006
5.2436e-006
5.1802e-006
5.13948e-006
5.12837e-006
5.15186e-006
5.21213e-006
5.30722e-006
5.43333e-006
5.58326e-006
5.74875e-006
5.92056e-006
6.08949e-006
6.24662e-006
6.38394e-006
6.49446e-006
6.57192e-006
6.61189e-006
6.61035e-006
6.56537e-006
6.47578e-006
6.34166e-006
6.16486e-006
5.94835e-006
5.6968e-006
5.4168e-006
5.11698e-006
4.80861e-006
4.50541e-006
4.22504e-006
3.98739e-006
3.81403e-006
3.72447e-006
3.73147e-006
3.83707e-006
4.03135e-006
4.29716e-006
4.61367e-006
4.96056e-006
5.31964e-006
5.67561e-006
6.01557e-006
6.32902e-006
6.60728e-006
6.84338e-006
7.03129e-006
7.16687e-006
7.24654e-006
7.26797e-006
7.22986e-006
7.13191e-006
6.97487e-006
6.76024e-006
6.49092e-006
6.17082e-006
5.80508e-006
5.40055e-006
4.96585e-006
4.51256e-006
4.05602e-006
3.61749e-006
3.22611e-006
2.92089e-006
2.74595e-006
2.73541e-006
2.89313e-006
3.1901e-006
3.58318e-006
4.03238e-006
4.5067e-006
4.9837e-006
5.44652e-006
5.88254e-006
6.28226e-006
6.63755e-006
6.94225e-006
7.19136e-006
7.38072e-006
7.50757e-006
7.56966e-006
7.56581e-006
7.49563e-006
7.35956e-006
7.15895e-006
6.89595e-006
6.5737e-006
6.19607e-006
5.7682e-006
5.29628e-006
4.78837e-006
4.25473e-006
3.7096e-006
3.17369e-006
2.6796e-006
2.28042e-006
2.05234e-006
2.06343e-006
2.31084e-006
2.72423e-006
3.22909e-006
3.77435e-006
4.32838e-006
4.87102e-006
5.38824e-006
5.86959e-006
6.30717e-006
6.69435e-006
7.02579e-006
7.29725e-006
7.50523e-006
7.64713e-006
7.7212e-006
7.72631e-006
7.66231e-006
7.52966e-006
7.32966e-006
7.06424e-006
6.73622e-006
6.34926e-006
5.90769e-006
5.41683e-006
4.88324e-006
4.3149e-006
3.72248e-006
3.12098e-006
2.53479e-006
2.00909e-006
1.63277e-006
1.53845e-006
1.77558e-006
2.23521e-006
2.79829e-006
3.39877e-006
4.00281e-006
4.59103e-006
5.15075e-006
5.67249e-006
6.14887e-006
6.57385e-006
6.94226e-006
7.25001e-006
7.49368e-006
7.67055e-006
7.77872e-006
7.81695e-006
7.7848e-006
7.68244e-006
7.51084e-006
7.27165e-006
6.96726e-006
6.60062e-006
6.17557e-006
5.69658e-006
5.16894e-006
4.599e-006
3.99436e-006
3.36496e-006
2.72512e-006
2.09986e-006
1.54426e-006
1.19488e-006
1.25499e-006
1.67985e-006
2.26361e-006
2.8977e-006
3.53856e-006
4.16496e-006
4.76403e-006
5.3266e-006
5.8454e-006
6.31438e-006
6.72836e-006
7.08297e-006
7.37461e-006
7.60027e-006
7.75772e-006
7.84533e-006
7.86222e-006
7.8082e-006
7.68371e-006
7.48992e-006
7.22857e-006
6.9023e-006
6.51419e-006
6.06799e-006
5.56829e-006
5.02013e-006
4.4295e-006
3.80345e-006
3.15091e-006
2.48427e-006
1.826e-006
1.23299e-006
8.92277e-007
1.09042e-006
1.6386e-006
2.28694e-006
2.95499e-006
3.61435e-006
4.25055e-006
4.85401e-006
5.41716e-006
5.93386e-006
6.39854e-006
6.80659e-006
7.15407e-006
7.43752e-006
7.65426e-006
7.80215e-006
7.87975e-006
7.88646e-006
7.82205e-006
7.68715e-006
7.48297e-006
7.21146e-006
6.87513e-006
6.47707e-006
6.02116e-006
5.51169e-006
4.95367e-006
4.3528e-006
3.71545e-006
3.04949e-006
2.36524e-006
1.68038e-006
1.04319e-006
6.71678e-007
9.672e-007
1.58875e-006
2.27149e-006
2.95755e-006
3.62724e-006
4.26958e-006
4.87665e-006
5.44177e-006
5.95918e-006
6.42385e-006
6.83134e-006
7.17775e-006
7.45986e-006
7.67503e-006
7.82121e-006
7.89716e-006
7.90206e-006
7.83587e-006
7.69926e-006
7.4934e-006
7.22019e-006
6.88215e-006
6.48241e-006
6.02461e-006
5.51314e-006
4.95269e-006
4.34865e-006
3.70713e-006
3.03499e-006
2.34074e-006
1.63741e-006
9.58231e-007
5.03749e-007
8.43728e-007
1.50868e-006
2.21134e-006
2.90865e-006
3.5858e-006
4.23377e-006
4.84555e-006
5.41484e-006
5.93628e-006
6.40493e-006
6.81637e-006
7.16691e-006
7.45322e-006
7.67278e-006
7.82351e-006
7.90405e-006
7.91369e-006
7.85232e-006
7.72053e-006
7.51949e-006
7.25096e-006
6.91749e-006
6.52206e-006
6.06825e-006
5.56026e-006
5.0027e-006
4.40081e-006
3.76024e-006
3.08731e-006
2.38931e-006
1.67571e-006
9.66235e-007
3.90562e-007
7.01984e-007
1.39364e-006
2.10923e-006
2.81477e-006
3.49856e-006
4.15273e-006
4.77068e-006
5.34653e-006
5.87484e-006
6.35079e-006
6.77007e-006
7.12886e-006
7.4239e-006
7.65249e-006
7.81259e-006
7.90282e-006
7.92232e-006
7.87087e-006
7.74897e-006
7.55772e-006
7.2989e-006
6.97475e-006
6.58827e-006
6.14289e-006
5.64266e-006
5.09208e-006
4.49623e-006
3.86043e-006
3.1908e-006
2.49367e-006
1.77673e-006
1.05135e-006
3.70732e-007
5.3631e-007
1.24517e-006
1.97e-006
2.68242e-006
3.37284e-006
4.03399e-006
4.65958e-006
5.24384e-006
5.78141e-006
6.26751e-006
6.69769e-006
7.06807e-006
7.37533e-006
7.61674e-006
7.79017e-006
7.894e-006
7.92731e-006
7.88989e-006
7.78193e-006
7.60456e-006
7.35927e-006
7.04831e-006
6.67443e-006
6.24102e-006
5.75191e-006
5.21153e-006
4.62475e-006
3.99681e-006
3.33346e-006
2.64071e-006
1.92523e-006
1.19481e-006
4.66596e-007
3.4634e-007
1.06662e-006
1.7985e-006
2.51716e-006
3.21423e-006
3.88308e-006
4.51751e-006
5.11179e-006
5.66053e-006
6.15887e-006
6.60235e-006
6.98697e-006
7.30935e-006
7.56655e-006
7.7563e-006
7.87696e-006
7.92742e-006
7.90722e-006
7.81656e-006
7.6563e-006
7.42779e-006
7.1331e-006
6.77489e-006
6.35632e-006
5.88118e-006
5.35368e-006
4.7785e-006
4.16083e-006
3.50616e-006
2.82037e-006
2.10964e-006
1.38056e-006
6.41024e-007
1.36333e-007
8.61857e-007
1.5993e-006
2.32354e-006
3.0274e-006
3.7044e-006
4.34851e-006
4.95394e-006
5.51529e-006
6.02759e-006
6.48623e-006
6.88715e-006
7.22683e-006
7.50217e-006
7.71083e-006
7.85085e-006
7.92104e-006
7.92082e-006
7.85011e-006
7.70963e-006
7.50056e-006
7.22483e-006
6.88483e-006
6.48368e-006
6.02483e-006
5.5125e-006
4.95113e-006
4.34579e-006
3.70182e-006
3.02497e-006
2.32125e-006
1.59693e-006
8.58476e-007
1.13013e-007
6.34933e-007
1.37628e-006
2.10548e-006
2.81592e-006
3.50132e-006
4.15562e-006
4.77303e-006
5.34796e-006
5.87543e-006
6.3507e-006
6.7695e-006
7.12821e-006
7.42359e-006
7.65308e-006
7.81458e-006
7.90667e-006
7.92859e-006
7.88013e-006
7.76169e-006
7.57438e-006
7.31982e-006
7.0003e-006
6.61864e-006
6.17826e-006
5.68306e-006
5.13747e-006
4.54626e-006
3.91477e-006
3.24857e-006
2.5536e-006
1.83604e-006
1.10244e-006
3.60507e-007
3.91435e-007
1.13324e-006
1.86623e-006
2.58285e-006
3.27662e-006
3.94136e-006
4.57111e-006
5.16034e-006
5.70379e-006
6.19665e-006
6.63455e-006
7.01364e-006
7.33053e-006
7.5824e-006
7.76705e-006
7.88287e-006
7.92876e-006
7.90442e-006
7.81e-006
7.64635e-006
7.41494e-006
7.11781e-006
6.75764e-006
6.33759e-006
5.86141e-006
5.33333e-006
4.75801e-006
4.1406e-006
3.48658e-006
2.80181e-006
2.09246e-006
1.36515e-006
6.2838e-007
1.54403e-007
8.73853e-007
1.60874e-006
2.33077e-006
3.03252e-006
3.70758e-006
4.34989e-006
4.95374e-006
5.5137e-006
6.02484e-006
6.48268e-006
6.8831e-006
7.22257e-006
7.49811e-006
7.70725e-006
7.84816e-006
7.9196e-006
7.92094e-006
7.85217e-006
7.7139e-006
7.50737e-006
7.23439e-006
6.89743e-006
6.49943e-006
6.04396e-006
5.53505e-006
4.97723e-006
4.37544e-006
3.73507e-006
3.06185e-006
2.36192e-006
1.64193e-006
9.10218e-007
2.05526e-007
6.04016e-007
1.33598e-006
2.06206e-006
2.77114e-006
3.45618e-006
4.11091e-006
4.72937e-006
5.30609e-006
5.83595e-006
6.31422e-006
6.73665e-006
7.09953e-006
7.39962e-006
7.63434e-006
7.80151e-006
7.89974e-006
7.9281e-006
7.88639e-006
7.77499e-006
7.59484e-006
7.3476e-006
7.03541e-006
6.66107e-006
6.22789e-006
5.7397e-006
5.20091e-006
4.61622e-006
3.99093e-006
3.33064e-006
2.64135e-006
1.92967e-006
1.20355e-006
4.81261e-007
3.40247e-007
1.05119e-006
1.77885e-006
2.49421e-006
3.18862e-006
3.85535e-006
4.4883e-006
5.08173e-006
5.63038e-006
6.12936e-006
6.57423e-006
6.96106e-006
7.28645e-006
7.54747e-006
7.74184e-006
7.86784e-006
7.92438e-006
7.91094e-006
7.82766e-006
7.67525e-006
7.45512e-006
7.16915e-006
6.81994e-006
6.41054e-006
5.94463e-006
5.42634e-006
4.86024e-006
4.25143e-006
3.60541e-006
2.92802e-006
2.22577e-006
1.50616e-006
7.81866e-007
2.01993e-007
7.59611e-007
1.48359e-006
2.20353e-006
2.90635e-006
3.58447e-006
4.23144e-006
4.84133e-006
5.40868e-006
5.9284e-006
6.3959e-006
6.80698e-006
7.15806e-006
7.44599e-006
7.66823e-006
7.82285e-006
7.90846e-006
7.92428e-006
7.87025e-006
7.74678e-006
7.555e-006
7.29658e-006
6.97386e-006
6.58966e-006
6.14742e-006
5.65107e-006
5.105e-006
4.51412e-006
3.88373e-006
3.2196e-006
2.52798e-006
1.81604e-006
1.0939e-006
4.00542e-007
4.75337e-007
1.1793e-006
1.90099e-006
2.61087e-006
3.29948e-006
3.95982e-006
4.5857e-006
5.17141e-006
5.71172e-006
6.20178e-006
6.63724e-006
7.01426e-006
7.32946e-006
7.58009e-006
7.76394e-006
7.87934e-006
7.92531e-006
7.90143e-006
7.80794e-006
7.64565e-006
7.416e-006
7.12103e-006
6.76337e-006
6.34617e-006
5.87313e-006
5.34852e-006
4.77694e-006
4.16364e-006
3.51407e-006
2.83442e-006
2.13148e-006
1.41392e-006
7.0102e-007
2.70081e-007
8.7087e-007
1.5886e-006
2.30358e-006
3.00149e-006
3.67431e-006
4.31551e-006
4.91905e-006
5.47956e-006
5.99197e-006
6.45173e-006
6.8547e-006
7.19739e-006
7.47672e-006
7.6902e-006
7.83599e-006
7.91277e-006
7.91989e-006
7.85727e-006
7.72547e-006
7.5257e-006
7.25965e-006
6.92975e-006
6.53889e-006
6.09056e-006
5.58874e-006
5.03792e-006
4.44307e-006
3.80953e-006
3.14322e-006
2.45068e-006
1.73969e-006
1.02305e-006
3.68654e-007
5.71144e-007
1.2692e-006
1.98612e-006
2.69172e-006
3.37592e-006
4.03153e-006
4.65227e-006
5.2324e-006
5.76678e-006
6.25052e-006
6.67938e-006
7.04951e-006
7.35767e-006
7.60112e-006
7.77769e-006
7.88582e-006
7.92457e-006
7.89363e-006
7.7932e-006
7.62424e-006
7.38823e-006
7.08726e-006
6.72399e-006
6.30165e-006
5.82401e-006
5.29531e-006
4.72033e-006
4.10423e-006
3.45272e-006
2.77202e-006
2.06938e-006
1.35473e-006
6.55011e-007
3.36159e-007
9.47715e-007
1.66041e-006
2.37149e-006
3.06567e-006
3.73459e-006
4.37163e-006
4.97074e-006
5.52647e-006
6.0338e-006
6.48824e-006
6.8857e-006
7.22268e-006
7.49618e-006
7.70379e-006
7.84369e-006
7.91461e-006
7.91597e-006
7.84769e-006
7.71045e-006
7.50544e-006
7.23448e-006
6.89997e-006
6.50486e-006
6.0527e-006
5.5475e-006
4.99379e-006
4.39657e-006
3.7613e-006
3.09399e-006
2.40138e-006
1.69196e-006
9.81347e-007
3.6632e-007
6.36662e-007
1.32923e-006
2.04227e-006
2.74464e-006
3.42563e-006
4.07788e-006
4.69505e-006
5.27143e-006
5.80176e-006
6.28133e-006
6.7058e-006
7.07144e-006
7.375e-006
7.61378e-006
7.78566e-006
7.88917e-006
7.92335e-006
7.88788e-006
7.78313e-006
7.61001e-006
7.37007e-006
7.06541e-006
6.69873e-006
6.27332e-006
5.79292e-006
5.26191e-006
4.68498e-006
4.06746e-006
3.41504e-006
2.73416e-006
2.03238e-006
1.32088e-006
6.33947e-007
3.86176e-007
9.97647e-007
1.70607e-006
2.41411e-006
3.10556e-006
3.7718e-006
4.406e-006
5.00215e-006
5.55476e-006
6.05886e-006
6.50993e-006
6.90391e-006
7.23736e-006
7.5073e-006
7.71131e-006
7.84763e-006
7.91502e-006
7.91292e-006
7.84135e-006
7.70092e-006
7.49288e-006
7.21908e-006
6.88196e-006
6.48451e-006
6.03025e-006
5.52324e-006
4.96808e-006
4.36974e-006
3.73378e-006
3.06626e-006
2.3742e-006
1.6666e-006
9.61603e-007
3.78266e-007
6.78403e-007
1.36562e-006
2.07554e-006
2.77547e-006
3.45424e-006
4.10426e-006
4.71916e-006
5.2932e-006
5.82111e-006
6.29816e-006
6.72007e-006
7.08309e-006
7.38404e-006
7.62018e-006
7.78947e-006
7.89039e-006
7.92207e-006
7.88421e-006
7.77715e-006
7.60186e-006
7.35988e-006
7.05336e-006
6.68501e-006
6.25813e-006
5.77651e-006
5.24447e-006
4.66681e-006
4.04881e-006
3.39633e-006
2.71585e-006
2.01528e-006
1.30677e-006
6.30435e-007
4.20399e-007
1.02623e-006
1.73087e-006
2.43656e-006
3.12613e-006
3.79062e-006
4.42308e-006
5.01753e-006
5.56841e-006
6.07073e-006
6.52e-006
6.91218e-006
7.24383e-006
7.51199e-006
7.71425e-006
7.84886e-006
7.91461e-006
7.91095e-006
7.83789e-006
7.69607e-006
7.48675e-006
7.21181e-006
6.87368e-006
6.47535e-006
6.02038e-006
5.51286e-006
4.95732e-006
4.35883e-006
3.72297e-006
3.05587e-006
2.3647e-006
1.65898e-006
9.58696e-007
3.95934e-007
7.01385e-007
1.38305e-006
2.09033e-006
2.78853e-006
3.46588e-006
4.11464e-006
4.72833e-006
5.30119e-006
5.82796e-006
6.30389e-006
6.72469e-006
7.08667e-006
7.38654e-006
7.62171e-006
7.79005e-006
7.8901e-006
7.92098e-006
7.88238e-006
7.77467e-006
7.59881e-006
7.35635e-006
7.04944e-006
6.68081e-006
6.25375e-006
5.77205e-006
5.24005e-006
4.66257e-006
4.04493e-006
3.39296e-006
2.71331e-006
2.01407e-006
1.3082e-006
6.39546e-007
4.41558e-007
1.03767e-006
1.7388e-006
2.44267e-006
3.13102e-006
3.79454e-006
4.42623e-006
5.01996e-006
5.5702e-006
6.07196e-006
6.52073e-006
6.91248e-006
7.24376e-006
7.51157e-006
7.71361e-006
7.848e-006
7.91366e-006
7.90993e-006
7.83687e-006
7.69514e-006
7.48598e-006
7.21126e-006
6.8734e-006
6.4754e-006
6.02084e-006
5.51378e-006
4.95879e-006
4.36092e-006
3.72575e-006
3.05955e-006
2.36951e-006
1.66555e-006
9.68869e-007
4.15752e-007
7.0944e-007
1.38509e-006
2.09013e-006
2.78712e-006
3.46373e-006
4.11196e-006
4.72531e-006
5.29796e-006
5.82463e-006
6.30056e-006
6.72147e-006
7.08363e-006
7.38378e-006
7.61928e-006
7.78807e-006
7.88862e-006
7.92004e-006
7.88207e-006
7.77504e-006
7.59992e-006
7.35824e-006
7.05215e-006
6.68436e-006
6.25816e-006
5.77734e-006
5.24625e-006
4.66969e-006
4.05301e-006
3.40207e-006
2.72355e-006
2.02573e-006
1.32204e-006
6.5793e-007
4.52683e-007
1.03533e-006
1.73303e-006
2.4355e-006
3.12314e-006
3.78636e-006
4.41799e-006
5.01183e-006
5.56235e-006
6.06453e-006
6.51385e-006
6.90629e-006
7.23832e-006
7.50703e-006
7.71003e-006
7.8455e-006
7.91229e-006
7.90973e-006
7.83792e-006
7.69745e-006
7.48959e-006
7.21619e-006
6.87966e-006
6.48298e-006
6.02974e-006
5.52394e-006
4.97021e-006
4.37356e-006
3.73964e-006
3.07466e-006
2.38597e-006
1.68363e-006
9.89437e-007
4.36931e-007
7.05704e-007
1.37462e-006
2.07766e-006
2.77385e-006
3.45024e-006
4.0986e-006
4.71233e-006
5.28556e-006
5.81299e-006
6.28985e-006
6.71184e-006
7.07521e-006
7.37671e-006
7.61368e-006
7.78399e-006
7.88616e-006
7.9193e-006
7.88306e-006
7.77783e-006
7.60449e-006
7.36461e-006
7.06032e-006
6.69428e-006
6.26981e-006
5.79068e-006
5.2612e-006
4.68617e-006
4.07095e-006
3.42141e-006
2.74428e-006
2.0479e-006
1.34593e-006
6.83651e-007
4.56599e-007
1.02175e-006
1.71596e-006
2.41732e-006
3.10471e-006
3.76813e-006
4.4003e-006
4.99493e-006
5.5465e-006
6.04994e-006
6.50066e-006
6.89469e-006
7.22846e-006
7.49905e-006
7.70401e-006
7.84156e-006
7.91047e-006
7.91015e-006
7.84057e-006
7.70238e-006
7.49677e-006
7.22559e-006
6.89126e-006
6.49675e-006
6.04554e-006
5.54172e-006
4.98982e-006
4.39494e-006
3.76262e-006
3.0992e-006
2.41195e-006
1.71109e-006
1.01837e-006
4.59829e-007
6.92745e-007
1.35387e-006
2.05506e-006
2.75082e-006
3.4274e-006
4.07639e-006
4.69108e-006
5.26553e-006
5.79444e-006
6.27298e-006
6.69688e-006
7.0623e-006
7.36602e-006
7.60535e-006
7.77815e-006
7.88286e-006
7.91862e-006
7.88507e-006
7.78253e-006
7.61188e-006
7.37466e-006
7.07297e-006
6.70949e-006
6.28743e-006
5.81061e-006
5.28333e-006
4.71036e-006
4.09702e-006
3.44922e-006
2.77367e-006
2.07875e-006
1.3781e-006
7.15476e-007
4.56075e-007
9.9905e-007
1.68954e-006
2.39e-006
3.07748e-006
3.74155e-006
4.37473e-006
4.97073e-006
5.52393e-006
6.02928e-006
6.48214e-006
6.87851e-006
7.21481e-006
7.48805e-006
7.69585e-006
7.83632e-006
7.90823e-006
7.91097e-006
7.84448e-006
7.70935e-006
7.50682e-006
7.23865e-006
6.90723e-006
6.51551e-006
6.06698e-006
5.56571e-006
5.01618e-006
4.42346e-006
3.79311e-006
3.13144e-006
2.44578e-006
1.74627e-006
1.05421e-006
4.85302e-007
6.72709e-007
1.32468e-006
2.02403e-006
2.71958e-006
3.3967e-006
4.04674e-006
4.66285e-006
5.23906e-006
5.77003e-006
6.2509e-006
6.67734e-006
7.04553e-006
7.35222e-006
7.59465e-006
7.77067e-006
7.87873e-006
7.91789e-006
7.88777e-006
7.78867e-006
7.62144e-006
7.38757e-006
7.08919e-006
6.72887e-006
6.30986e-006
5.83592e-006
5.3113e-006
4.74079e-006
4.1297e-006
3.48391e-006
2.8101e-006
2.11666e-006
1.41702e-006
7.5254e-007
4.53687e-007
9.69061e-007
1.65541e-006
2.35514e-006
3.04296e-006
3.708e-006
4.34261e-006
4.94044e-006
5.49581e-006
6.00358e-006
6.45918e-006
6.85848e-006
7.19797e-006
7.47457e-006
7.68586e-006
7.82995e-006
7.90557e-006
7.91206e-006
7.84934e-006
7.718e-006
7.51916e-006
7.25462e-006
6.92672e-006
6.53838e-006
6.09307e-006
5.59477e-006
5.04803e-006
4.45785e-006
3.82978e-006
3.17008e-006
2.48608e-006
1.78781e-006
1.09583e-006
5.14102e-007
6.47507e-007
1.28856e-006
1.98599e-006
2.68153e-006
3.35947e-006
4.0109e-006
4.6288e-006
5.20721e-006
5.74069e-006
6.22441e-006
6.65395e-006
7.0255e-006
7.33573e-006
7.58188e-006
7.76176e-006
7.8738e-006
7.91699e-006
7.89097e-006
7.79591e-006
7.63274e-006
7.40285e-006
7.10828e-006
6.75167e-006
6.3362e-006
5.86557e-006
5.34405e-006
4.77639e-006
4.16783e-006
3.52428e-006
2.85236e-006
2.16041e-006
1.46154e-006
7.94239e-007
4.51806e-007
9.33259e-007
1.61493e-006
2.31395e-006
3.00234e-006
3.66862e-006
4.30499e-006
4.905e-006
5.46292e-006
5.97357e-006
6.43237e-006
6.83517e-006
7.17834e-006
7.45885e-006
7.67422e-006
7.82249e-006
7.90241e-006
7.91323e-006
7.85487e-006
7.72783e-006
7.53327e-006
7.27289e-006
6.94901e-006
6.56454e-006
6.12286e-006
5.62798e-006
5.08436e-006
4.49701e-006
3.87144e-006
3.2139e-006
2.53166e-006
1.83459e-006
1.14231e-006
5.46767e-007
6.1901e-007
1.24682e-006
1.94219e-006
2.63782e-006
3.31679e-006
3.96983e-006
4.58987e-006
5.1708e-006
5.70722e-006
6.19418e-006
6.62729e-006
7.00264e-006
7.3169e-006
7.56728e-006
7.75156e-006
7.86808e-006
7.91585e-006
7.89441e-006
7.80397e-006
7.64533e-006
7.41987e-006
7.12964e-006
6.7772e-006
6.36569e-006
5.89877e-006
5.38069e-006
4.81614e-006
4.21039e-006
3.56925e-006
2.89938e-006
2.20895e-006
1.51071e-006
8.40033e-007
4.52616e-007
8.9295e-007
1.56922e-006
2.26753e-006
2.9566e-006
3.62433e-006
4.26272e-006
4.8652e-006
5.426e-006
5.93993e-006
6.40232e-006
6.80899e-006
7.1563e-006
7.44117e-006
7.66106e-006
7.81401e-006
7.8987e-006
7.91433e-006
7.86079e-006
7.73856e-006
7.54872e-006
7.29294e-006
6.97351e-006
6.59327e-006
6.15561e-006
5.66447e-006
5.12429e-006
4.54001e-006
3.91718e-006
3.26195e-006
2.58155e-006
1.88563e-006
1.1928e-006
5.83552e-007
5.88873e-007
1.20051e-006
1.89359e-006
2.5894e-006
3.26954e-006
3.92442e-006
4.54682e-006
5.13059e-006
5.67022e-006
6.16076e-006
6.59777e-006
6.97732e-006
7.29602e-006
7.55105e-006
7.74013e-006
7.86159e-006
7.91436e-006
7.89795e-006
7.81254e-006
7.65885e-006
7.43827e-006
7.15274e-006
6.80482e-006
6.3976e-006
5.93473e-006
5.42038e-006
4.85924e-006
4.25649e-006
3.61796e-006
2.95023e-006
2.26138e-006
1.56366e-006
8.89437e-007
4.58005e-007
8.49345e-007
1.51923e-006
2.2168e-006
2.90666e-006
3.576e-006
4.21658e-006
4.82178e-006
5.38572e-006
5.9032e-006
6.36948e-006
6.78036e-006
7.13216e-006
7.42176e-006
7.64654e-006
7.80456e-006
7.89438e-006
7.91523e-006
7.86694e-006
7.74986e-006
7.56512e-006
7.3143e-006
6.99966e-006
6.624e-006
6.19063e-006
5.70352e-006
5.16703e-006
4.58608e-006
3.96615e-006
3.31337e-006
2.63488e-006
1.94012e-006
1.24662e-006
6.24423e-007
5.5886e-007
1.15067e-006
1.8411e-006
2.53709e-006
3.21853e-006
3.87541e-006
4.50038e-006
5.08718e-006
5.63026e-006
6.12465e-006
6.56586e-006
6.94992e-006
7.27337e-006
7.53338e-006
7.7276e-006
7.85434e-006
7.91246e-006
7.90143e-006
7.82139e-006
7.673e-006
7.45761e-006
7.17714e-006
6.83405e-006
6.4314e-006
5.97284e-006
5.46245e-006
4.9049e-006
4.30539e-006
3.66961e-006
3.00413e-006
2.31689e-006
1.61969e-006
9.41949e-007
4.69312e-007
8.0354e-007
1.46583e-006
2.16255e-006
2.85326e-006
3.52432e-006
4.16726e-006
4.77532e-006
5.34263e-006
5.86386e-006
6.33429e-006
6.74965e-006
7.10622e-006
7.40081e-006
7.63082e-006
7.79419e-006
7.88949e-006
7.91585e-006
7.87306e-006
7.7615e-006
7.58214e-006
7.3366e-006
7.02703e-006
6.6562e-006
6.22743e-006
5.74456e-006
5.21195e-006
4.63449e-006
4.01762e-006
3.36742e-006
2.69094e-006
1.99734e-006
1.30315e-006
6.69135e-007
5.30749e-007
1.09813e-006
1.78549e-006
2.48166e-006
3.16447e-006
3.82346e-006
4.45111e-006
5.0411e-006
5.58785e-006
6.08629e-006
6.5319e-006
6.92069e-006
7.24917e-006
7.5144e-006
7.71406e-006
7.84634e-006
7.91008e-006
7.90471e-006
7.83031e-006
7.68751e-006
7.47757e-006
7.20239e-006
6.86438e-006
6.46656e-006
6.0125e-006
5.5063e-006
4.95255e-006
4.35637e-006
3.72348e-006
3.06033e-006
2.37476e-006
1.67809e-006
9.97015e-007
4.87208e-007
7.56607e-007
1.40981e-006
2.1055e-006
2.79709e-006
3.46994e-006
4.11535e-006
4.72642e-006
5.29723e-006
5.82241e-006
6.29714e-006
6.71717e-006
7.07873e-006
7.37855e-006
7.61398e-006
7.78295e-006
7.88395e-006
7.9161e-006
7.87909e-006
7.77325e-006
7.59953e-006
7.35947e-006
7.05519e-006
6.68941e-006
6.26541e-006
5.78696e-006
5.25844e-006
4.68464e-006
4.07096e-006
3.42343e-006
2.749e-006
2.05664e-006
1.36181e-006
7.1724e-007
5.06313e-007
1.0437e-006
1.72746e-006
2.42376e-006
3.10797e-006
3.76913e-006
4.39958e-006
4.99291e-006
5.54344e-006
6.04608e-006
6.49627e-006
6.88997e-006
7.22362e-006
7.49431e-006
7.69956e-006
7.83759e-006
7.90717e-006
7.90769e-006
7.83914e-006
7.70213e-006
7.49786e-006
7.22816e-006
6.89542e-006
6.50262e-006
6.05325e-006
5.55136e-006
5.00154e-006
4.40885e-006
3.77894e-006
3.11823e-006
2.43437e-006
1.73825e-006
1.05412e-006
5.11817e-007
7.09585e-007
1.35182e-006
2.04632e-006
2.73876e-006
3.41348e-006
4.06141e-006
4.67561e-006
5.24999e-006
5.77923e-006
6.25842e-006
6.68327e-006
7.04993e-006
7.35515e-006
7.59619e-006
7.77094e-006
7.87783e-006
7.91591e-006
7.88485e-006
7.78493e-006
7.61702e-006
7.38261e-006
7.08382e-006
6.72326e-006
6.30417e-006
5.83033e-006
5.306e-006
4.73595e-006
4.12557e-006
3.4808e-006
2.8085e-006
2.1174e-006
1.42202e-006
7.68235e-007
4.87314e-007
9.88133e-007
1.66767e-006
2.36399e-006
3.04962e-006
3.71304e-006
4.34634e-006
4.94304e-006
5.49744e-006
6.00439e-006
6.45929e-006
6.85799e-006
7.19698e-006
7.47322e-006
7.68422e-006
7.82817e-006
7.90375e-006
7.91029e-006
7.84775e-006
7.71666e-006
7.5182e-006
7.25413e-006
6.92681e-006
6.53914e-006
6.09459e-006
5.59716e-006
5.05137e-006
4.46228e-006
3.83544e-006
3.17722e-006
2.49511e-006
1.79961e-006
1.11277e-006
5.42681e-007
6.63594e-007
1.29257e-006
1.98559e-006
2.67888e-006
3.35546e-006
4.00597e-006
4.62331e-006
5.20137e-006
5.73474e-006
6.21848e-006
6.64823e-006
7.02011e-006
7.33082e-006
7.57759e-006
7.75822e-006
7.87112e-006
7.91526e-006
7.89028e-006
7.79638e-006
7.63441e-006
7.40581e-006
7.11258e-006
6.75737e-006
6.34331e-006
5.87414e-006
5.35409e-006
4.78792e-006
4.18091e-006
3.53895e-006
2.86883e-006
2.17904e-006
1.48324e-006
8.21429e-007
4.75154e-007
9.32096e-007
1.60665e-006
2.30293e-006
2.98998e-006
3.65562e-006
4.29182e-006
4.89196e-006
5.45028e-006
5.96159e-006
6.42122e-006
6.82504e-006
7.16943e-006
7.45131e-006
7.66817e-006
7.8181e-006
7.89976e-006
7.91242e-006
7.85597e-006
7.73093e-006
7.53839e-006
7.28005e-006
6.95824e-006
6.57579e-006
6.13615e-006
5.64325e-006
5.10157e-006
4.51611e-006
3.89243e-006
3.23675e-006
2.55645e-006
1.86162e-006
1.17241e-006
5.78972e-007
6.19723e-007
1.23262e-006
1.9239e-006
2.61799e-006
3.29643e-006
3.94953e-006
4.57004e-006
5.15181e-006
5.68932e-006
6.17764e-006
6.61232e-006
6.98949e-006
7.30575e-006
7.55829e-006
7.74486e-006
7.8638e-006
7.91409e-006
7.89526e-006
7.80747e-006
7.65151e-006
7.42875e-006
7.1412e-006
6.79137e-006
6.38242e-006
5.918e-006
5.4023e-006
4.84004e-006
4.23645e-006
3.59736e-006
2.92947e-006
2.24102e-006
1.54492e-006
8.76233e-007
