0
0.0784591
0.156434
0.233445
0.309017
0.382683
0.453991
0.522499
0.587785
0.649448
0.707107
0.760406
0.809017
0.85264
0.891007
0.92388
0.951057
0.97237
0.987688
0.996917
1
0.996917
0.987688
0.97237
0.951056
0.923879
0.891006
0.85264
0.809017
0.760406
0.707107
0.649448
0.587785
0.522499
0.453991
0.382684
0.309017
0.233446
0.156435
0.0784599
9.47971e-007
-0.078458
-0.156433
-0.233444
-0.309016
-0.382682
-0.453989
-0.522497
-0.587784
-0.649446
-0.707105
-0.760404
-0.809016
-0.852639
-0.891005
-0.923878
-0.951056
-0.972369
-0.987688
-0.996917
-1
-0.996918
-0.987689
-0.972371
-0.951058
-0.923881
-0.891008
-0.852642
-0.809019
-0.760408
-0.707109
-0.64945
-0.587787
-0.522501
-0.453993
-0.382685
-0.309019
-0.233447
-0.156436
-0.0784606
-1.31077e-006
0.0784579
0
0.0784591
0.156434
0.233445
0.309017
0.382683
0.453991
0.522499
0.587785
0.649448
0.707107
0.760406
0.809017
0.85264
0.891007
0.92388
0.951057
0.97237
0.987688
0.996917
1
0.996917
0.987688
0.97237
0.951056
0.923879
0.891006
0.85264
0.809017
0.760406
0.707107
0.649448
0.587785
0.522499
0.453991
0.382684
0.309017
0.233446
0.156435
0.0784599
9.47971e-007
-0.078458
-0.156433
-0.233444
-0.309016
-0.382682
-0.453989
-0.522497
-0.587784
-0.649446
-0.707105
-0.760404
-0.809016
-0.852639
-0.891005
-0.923878
-0.951056
-0.972369
-0.987688
-0.996917
-1
-0.996918
-0.987689
-0.972371
-0.951058
-0.923881
-0.891008
-0.852642
-0.809019
-0.760408
-0.707109
-0.64945
-0.587787
-0.522501
-0.453993
-0.382685
-0.309019
-0.233447
-0.156436
-0.0784606
-1.31077e-006
0.0784579
0
0.0784591
0.156434
0.233445
0.309017
0.382683
0.453991
0.522499
0.587785
0.649448
0.707107
0.760406
0.809017
0.85264
0.891007
0.92388
0.951057
0.97237
0.987688
0.996917
1
0.996917
0.987688
0.97237
0.951056
0.923879
0.891006
0.85264
0.809017
0.760406
0.707107
0.649448
0.587785
0.522499
0.453991
0.382684
