4.71239
4.44902
4.18794
3.93203
3.6857
3.45526
3.2506
3.09146
3.03617
-2.92112
-1.84131
-1.51949
-1.51692
-1.57572
-1.62758
-1.58751
-0.77463
-4.37647
0.583402
0.558104
0.484885
0.395917
0.300538
0.202283
0.102745
0.00280493
-0.0971094
-0.196778
-0.296082
-0.394956
-0.493384
-0.591373
-0.688933
-0.78609
-0.882866
-0.979293
-1.0754
-1.1712
-1.26674
-1.36204
-1.45712
-1.55201
-1.64673
-1.74131
-1.83578
-1.93019
-2.0246
-2.11918
-2.21447
-2.31464
0.757372
0.653908
0.558643
0.464425
0.370573
0.276904
0.183343
0.0898564
-0.00357676
-0.0969718
-0.190336
-0.283678
-0.377003
-0.470314
-0.563617
-0.656914
-0.750206
5.43969
5.3464
5.2531
5.15981
5.0665
4.9732
4.87989
4.78658
4.69326
4.59994
4.50662
4.4133
4.32
4.22675
4.13361
4.04091
3.95551
0.708613
0.616441
0.523353
0.430064
0.336695
0.243281
0.14984
0.0563798
-0.0370964
-0.130586
-0.224086
-0.317595
-0.411112
-0.504636
-0.598167
-0.691703
-0.785244
-0.878789
-0.972338
-1.06589
-1.15945
-1.253
-1.34656
-1.44013
-1.53369
-1.62726
-1.72084
-1.81442
-1.90803
-2.00166
-2.09537
-2.18927
-2.28414
0.776588
0.674552
0.580313
0.486553
0.392938
0.299388
0.20588
0.1124
0.0189424
-0.0744948
-0.167914
-0.261315
-0.354699
-0.448066
-0.541416
-0.634747
-0.72806
5.46183
5.36855
5.2753
5.18206
5.08885
4.99566
4.9025
4.80936
4.71626
4.6232
4.5302
4.43726
4.34445
4.25185
4.15972
4.06903
3.99012
0.720418
0.636522
0.545398
0.453076
0.360313
0.267314
0.174149
0.0808408
-0.0126093
-0.106213
-0.199995
-0.293988
-0.388235
-0.482794
-0.577738
-0.673163
-0.769191
-0.865988
-0.963773
-1.06284
-1.16361
-1.26665
-1.37282
-1.48339
-1.60034
-1.72688
-1.8684
-2.03451
-2.24264
-2.5225
-2.90579
-3.34949
-3.67463
-3.66121
-2.63913
-0.738396
0.194419
0.388721
0.407054
0.36612
0.295698
0.196326
0.0275852
-0.608345
-2.01543
-1.09798
-0.3829
-0.323067
-0.35848
5.86291
5.78945
5.70815
5.61828
5.51628
5.39247
5.22538
4.96212
-1.79981
-2.51135
-3.04292
-3.31567
-3.45997
-3.54222
-3.59149
-3.62374
-3.6539
-3.70704
-3.86915
1.41991
0.149461
-0.0580766
-0.126351
-0.162079
-0.187854
-0.210405
-0.232248
-0.253968
-0.275656
-0.297082
-0.318148
-0.339288
-0.362071
-0.390959
5.84488
5.73972
5.39332
-2.1127
-2.7646
-2.91662
-2.96267
-2.97757
-2.98395
-2.99139
-3.00448
-3.02589
-3.05749
-3.10163
-3.16267
-3.25064
-3.394
-3.69845
-4.60576
0.665984
0.3179
0.156511
0.0542305
-0.0215337
-0.0817308
-0.130384
-0.168726
-0.196671
-0.213643
-0.219695
-0.218183
-0.225467
5.95934
4.957
-2.47963
-2.57895
-2.56615
-2.54185
-2.52724
-2.52699
-2.54092
-2.56745
-2.60482
-2.65158
-2.70691
-2.77058
-2.84345
-2.92822
-3.0314
-3.17036
-3.40089
-3.96802
1.0986
0.508505
0.27565
0.140777
0.0457423
-0.0263724
-0.0810499
-0.118759
-0.13758
-0.134292
-0.108549
-0.0836449
5.94482
-2.22343
-2.32673
-2.26118
-2.20622
-2.18006
-2.17982
-2.19971
-2.23466
-2.28096
-2.33606
-2.39823
-2.46629
-2.53977
-2.61864
-2.7036
-2.79654
-2.90176
-3.02927
-3.20685
-3.53567
-4.44002
0.785365
0.402031
0.218272
0.100355
0.0156662
-0.0449235
-0.0815382
-0.0890286
-0.0585051
0.00814939
-0.121599
-2.14283
-2.09424
-1.97985
-1.91799
-1.90133
-1.91536
-1.94978
-1.99808
-2.05617
-2.12149
-2.1923
-2.26759
-2.34674
-2.4295
-2.51597
-2.60674
-2.70317
-2.80807
-2.92752
-3.07615
-3.29828
-3.77577
1.33342
0.592793
0.313576
0.159645
0.0565696
-0.0141032
-0.0536613
-0.0526326
0.00816011
0.111701
-1.89071
-1.93898
-1.76808
-1.69002
-1.67467
-1.69548
-1.73785
-1.79385
-1.85891
-1.93036
-2.00652
-2.08636
-2.16923
-2.25478
-2.3429
-2.43376
-2.5278
-2.62603
-2.73037
-2.84465
-2.97724
-3.14985
-3.43451
-4.14479
0.953615
0.454471
0.23545
0.103682
0.0165243
-0.0323985
-0.0304172
0.0577776
0.155153
-1.91529
-1.63957
-1.51036
-1.48118
-1.50073
-1.54592
-1.60587
-1.67505
-1.75037
-1.83003
-1.91297
-1.99847
-2.08614
-2.17577
-2.26735
-2.36101
-2.45714
-2.55647
-2.66036
-2.77132
-2.89449
-3.04161
-3.24532
-3.62718
-4.627
0.699819
0.344587
0.16491
0.0525804
-0.0134921
-0.0218172
0.0808511
0.0455427
-1.67526
-1.39294
-1.31671
-1.32328
-1.3659
-1.42679
-1.4981
-1.57588
-1.65797
-1.74315
-1.83063
-1.92
-2.01097
-2.10342
-2.19738
-2.29298
-2.39053
-2.49062
-2.59419
-2.703
-2.82036
-2.95313
-3.11804
-3.3659
-3.90537
1.19419
0.521432
0.251694
0.100795
0.00922453
-0.0214081
0.0711026
-0.119131
-1.44202
-1.19866
-1.16372
-1.19491
-1.25317
-1.32482
-1.40399
-1.4878
-1.57471
-1.66381
-1.75461
-1.84678
-1.94015
-2.03467
-2.13036
-2.22738
-2.32597
-2.42659
-2.52996
-2.63732
-2.75092
-2.87506
-3.01911
-3.20748
-3.52212
-4.30092
0.852998
0.385436
0.16996
0.0431112
-0.0197737
0.0334036
0.182098
-1.24638
-1.0399
-1.03497
-1.08383
-1.15343
-1.23298
-1.318
-1.40633
-1.49688
-1.58899
-1.6823
-1.77661
-1.87182
-1.96793
-2.06496
-2.16305
-2.26244
-2.36347
-2.46671
-2.57307
-2.68415
-2.80275
-2.9346
-3.0927
-3.31369
-3.73472
1.50275
0.616479
0.2744
0.0960599
-0.00633931
-0.0119665
0.351994
-1.08691
-0.902742
-0.920635
-0.983077
-1.06154
-1.14732
-1.23698
-1.32894
-1.42241
-1.51693
-1.61225
-1.70829
-1.80498
-1.90234
-2.00044
-2.09939
-2.1994
-2.30076
-2.40392
-2.50958
-2.61888
-2.73379
-2.85796
-2.999
-3.17545
-3.44438
-4.03676
1.07003
0.443868
0.178264
0.0278428
-0.0400409
0.177386
-0.959898
-0.777747
-0.814422
-0.888349
-0.974342
-1.06542
-1.15905
-1.25409
-1.35001
-1.44657
-1.5436
-1.64108
-1.73901
-1.83742
-1.93638
-2.03604
-2.13656
-2.23819
-2.34131
-2.44645
-2.55448
-2.66681
-2.78589
-2.91653
-3.06902
-3.2705
-3.61322
-4.45303
0.753469
0.30795
0.0904038
-0.0360565
-0.0143707
-0.875722
-0.657365
-0.712111
-0.796867
-0.889809
-0.985719
-1.08295
-1.18077
-1.27889
-1.37725
-1.4758
-1.57455
-1.67354
-1.77285
-1.87256
-1.97281
-2.07376
-2.17562
-2.27872
-2.38347
-2.49056
-2.60103
-2.7166
-2.84043
-2.97878
-3.1461
-3.38323
-3.84397
1.35601
0.528295
0.192284
0.00464571
-0.0964652
-0.975695
-0.534108
-0.610206
-0.706456
-0.806444
-0.907171
-1.00785
-1.1083
-1.20852
-1.30855
-1.40847
-1.50837
-1.60832
-1.70844
-1.80881
-1.90959
-2.01092
-2.113
-2.21608
-2.32055
-2.42692
-2.53599
-2.64904
-2.76824
-2.8976
-3.04556
-3.23265
-3.5228
-4.17023
0.948706
0.357839
0.084891
-0.0912632
-0.15636
-0.395712
-0.505102
-0.615273
-0.723081
-0.828871
-0.933103
-1.03621
-1.13848
-1.24013
-1.34137
-1.44236
-1.54322
-1.64408
-1.74506
-1.84632
-1.94799
-2.05025
-2.15336
-2.2576
-2.36341
-2.47143
-2.5826
-2.69849
-2.82182
-2.95784
-3.11799
-3.33247
-3.7049
-4.6049
0.650915
0.215718
-0.0288571
-0.269949
-0.207543
-0.391854
-0.521317
-0.638592
-0.750083
-0.858187
-0.964073
-1.06845
-1.17175
-1.27431
-1.37636
-1.47809
-1.57967
-1.68124
-1.78294
-1.88494
-1.9874
-2.09053
-2.19461
-2.29999
-2.40719
-2.51692
-2.63036
-2.74945
-2.87762
-3.0218
-3.19799
-3.45182
-3.95561
1.21267
0.431703
0.0817064
-0.193624
0.221858
-0.261576
-0.422037
-0.551709
-0.670084
-0.782594
-0.891545
-0.998182
-1.10321
-1.20712
-1.31025
-1.41287
-1.51515
-1.61729
-1.71944
-1.82175
-1.92441
-2.0276
-2.13156
-2.2366
-2.34314
-2.45176
-2.56335
-2.67932
-2.80208
-2.93606
-3.09054
-3.28835
-3.60132
-4.30708
0.827392
0.25382
-0.0749123
-0.93872
-0.0932258
-0.313443
-0.460866
-0.588004
-0.705772
-0.818256
-0.927394
-1.0343
-1.13966
-1.24392
-1.34744
-1.45046
-1.55317
-1.65576
-1.7584
-1.86127
-1.96454
-2.06843
-2.1732
-2.27922
-2.38695
-2.49711
-2.61075
-2.72958
-2.85663
-2.99769
-3.16541
-3.39347
-3.79825
1.52693
0.541
0.0842423
-0.379983
0.179994
-0.188437
-0.36388
-0.502811
-0.627171
-0.743841
-0.855863
-0.964859
-1.0718
-1.17729
-1.28177
-1.38554
-1.48886
-1.59192
-1.6949
-1.79799
-1.90136
-2.00522
-2.1098
-2.2154
-2.32243
-2.43145
-2.54327
-2.65919
-2.78134
-2.91351
-3.06337
-3.24867
-3.52055
-4.07065
1.07244
0.314727
-0.132871
-1.14027
-0.0321215
-0.257319
-0.413208
-0.546079
-0.667869
-0.783289
-0.894698
-1.00341
-1.11025
-1.21577
-1.32036
-1.42432
-1.52787
-1.63122
-1.73456
-1.83806
-1.94193
-2.04636
-2.15164
-2.2581
-2.3662
-2.4766
-2.59028
-2.70879
-2.83478
-2.97316
-3.13419
-3.34335
-3.68107
-4.44603
0.70212
0.0991985
-0.686354
0.19503
-0.134848
-0.316902
-0.461457
-0.589761
-0.709327
-0.823567
-0.934312
-1.04268
-1.14935
-1.25484
-1.35949
-1.46359
-1.56735
-1.67097
-1.77464
-1.87854
-1.98289
-2.08792
-2.19392
-2.30128
-2.41054
-2.52247
-2.63823
-2.75973
-2.89031
-3.03633
-3.21191
-3.45458
-3.89439
1.37846
0.410588
-0.199383
0.540887
0.0155233
-0.21085
-0.371992
-0.508862
-0.633592
-0.751227
-0.864358
-0.974458
-1.08245
-1.18893
-1.29436
-1.39905
-1.50325
-1.6072
-1.71107
-1.81506
-1.91936
-2.0242
-2.12984
-2.23661
-2.34495
-2.45547
-2.5691
-2.68723
-2.81221
-2.94828
-3.10391
-3.29883
-3.59015
-4.18841
0.932656
0.136675
-1.0603
0.221801
-0.08929
-0.275601
-0.424165
-0.555517
-0.677352
-0.793328
-0.905463
-1.01496
-1.12258
-1.22887
-1.33422
-1.43893
-1.54324
-1.64735
-1.75147
-1.85578
-1.9605
-2.06585
-2.17214
-2.27973
-2.38912
-2.50105
-2.61658
-2.73744
-2.86656
-3.00935
-3.17726
-3.39859
-3.76294
-4.58444
0.559286
-0.264492
0.529175
0.0584065
-0.169136
-0.334326
-0.474384
-0.601499
-0.720954
-0.835503
-0.946741
-1.05567
-1.16295
-1.26905
-1.37433
-1.47906
-1.58346
-1.68775
-1.79212
-1.89677
-2.00191
-2.10781
-2.21479
-2.32327
-2.43383
-2.54732
-2.66503
-2.78908
-2.92312
-3.07427
-3.25817
-3.51665
-3.99296
1.23416
0.211732
-1.35032
0.254055
-0.0472714
-0.237272
-0.389252
-0.523166
-0.646916
-0.764375
-0.877681
-0.988123
-1.09653
-1.2035
-1.30942
-1.41463
-1.51939
-1.6239
-1.72837
-1.833
-1.938
-2.04359
-2.15008
-2.2578
-2.36726
-2.47911
-2.59437
-2.71459
-2.84236
-2.98238
-3.14404
-3.34928
-3.66148
-4.30633
0.783475
-0.312993
0.52772
0.0996859
-0.129781
-0.298633
-0.441547
-0.570768
-0.691803
-0.807587
-0.919809
-1.02954
-1.13749
-1.24417
-1.34994
-1.4551
-1.55989
-1.66452
-1.76918
-1.87409
-1.97947
-2.08555
-2.19267
-2.30121
-2.41174
-2.52505
-2.64233
-2.76547
-2.8977
-3.04506
-3.22025
-3.45471
-3.84677
1.56621
0.34868
-1.51104
0.289777
-0.00680983
-0.200524
-0.355692
-0.491959
-0.617456
-0.736249
-0.850591
-0.96187
-1.07097
-1.17851
-1.28493
-1.39056
-1.49569
-1.60053
-1.70529
-1.81017
-1.91538
-2.02116
-2.12778
-2.23558
-2.34503
-2.45676
-2.57171
-2.6913
-2.81785
-2.95543
-3.11195
-3.3048
-3.58014
-4.09174
1.09311
-0.322929
0.538698
0.140701
-0.0916057
-0.264065
-0.409691
-0.540875
-0.663384
-0.780281
-0.893394
-1.00384
-1.11239
-1.21956
-1.32576
-1.43129
-1.5364
-1.64131
-1.74622
-1.85134
-1.95688
-2.06309
-2.17029
-2.27885
-2.38931
-2.50239
-2.61921
-2.74148
-2.87209
-3.0162
-3.18432
-3.40073
-3.7347
-4.41872
0.582458
-1.59584
0.327855
0.0331458
-0.16453
-0.3229
-0.461451
-0.58862
-0.708652
-0.823959
-0.936
-1.04573
-1.15378
-1.26063
-1.36664
-1.47208
-1.5772
-1.68219
-1.78728
-1.89266
-1.99856
-2.10526
-2.2131
-2.3225
-2.43408
-2.54869
-2.66765
-2.79306
-2.92849
-3.08067
-3.26368
-3.51218
-3.93115
1.44861
-0.261095
0.555326
0.182097
-0.0538051
-0.23003
-0.378378
-0.511481
-0.635402
-0.753379
-0.867319
-0.978426
-1.08752
-1.19514
-1.30171
-1.40756
-1.51295
-1.61809
-1.7232
-1.82848
-1.93416
-2.04046
-2.1477
-2.25624
-2.36658
-2.47942
-2.59577
-2.71722
-2.84632
-2.98762
-3.14987
-3.35238
-3.64546
-4.18619
0.940525
-1.65428
0.367726
0.0732753
-0.128813
-0.29047
-0.431336
-0.560141
-0.681392
-0.797621
-0.910382
-1.02068
-1.12921
-1.23646
-1.3428
-1.44852
-1.55387
-1.65907
-1.76432
-1.86983
-1.97582
-2.08258
-2.1904
-2.29973
-2.41112
-2.52538
-2.64373
-2.76805
-2.90157
-3.05003
-3.22508
-3.45351
-3.8088
-4.51204
-0.0394845
0.571787
0.224263
-0.0159241
-0.196188
-0.347328
-0.482396
-0.607715
-0.726723
-0.841465
-0.953199
-1.06279
-1.17083
-1.27775
-1.38389
-1.48951
-1.59486
-1.70014
-1.80555
-1.91132
-2.01768
-2.12492
-2.23341
-2.3436
-2.45618
-2.57206
-2.69271
-2.82044
-2.95924
-3.11656
-3.30807
-3.5714
-4.01259
1.36622
-1.71652
0.408552
0.113877
-0.0930107
-0.258176
-0.401413
-0.53189
-0.654336
-0.771471
-0.884932
-0.99578
-1.10476
-1.21237
-1.31901
-1.42498
-1.53054
-1.63591
-1.7413
-1.8469
-1.95297
-2.05974
-2.16753
-2.27675
-2.38793
-2.50184
-2.61958
-2.74291
-2.87466
-3.01988
-3.18835
-3.4013
-3.712
-4.26431
0.589165
0.581988
0.267392
0.0224133
-0.16221
-0.316327
-0.453417
-0.580151
-0.700211
-0.815734
-0.928087
-1.03816
-1.14659
-1.25384
-1.36024
-1.46608
-1.57161
-1.67703
-1.78255
-1.88839
-1.99478
-2.10201
-2.21041
-2.32045
-2.43274
-2.54817
-2.66806
-2.79451
-2.93107
-3.08418
-3.26679
-3.50801
-3.88142
-4.55395
-1.80581
0.449687
0.155224
-0.0569023
-0.225806
-0.371543
-0.503729
-0.627399
-0.745435
-0.85958
-0.970964
-1.08036
-1.18832
-1.29524
-1.40145
-1.50719
-1.61271
-1.71821
-1.8239
-1.93
-2.03677
-2.14451
-2.25361
-2.36457
-2.47811
-2.59527
-2.71764
-2.8478
-2.99016
-3.15309
-3.35381
-3.63228
-4.08266
1.46475
0.574709
0.311557
0.0614088
-0.127971
-0.285268
-0.424461
-0.552673
-0.673785
-0.790094
-0.903049
-1.0136
-1.12241
-1.22995
-1.3366
-1.44264
-1.54832
-1.65387
-1.75948
-1.86537
-1.97178
-2.07897
-2.18728
-2.29715
-2.40915
-2.52412
-2.64328
-2.76855
-2.9031
-3.05255
-3.22779
-3.452
-3.77848
-4.29914
-1.97421
0.490333
0.197615
-0.0202305
-0.193193
-0.341591
-0.475566
-0.600497
-0.719447
-0.834282
-0.9462
-1.05601
-1.1643
-1.27149
-1.37791
-1.48383
-1.58947
-1.69507
-1.80082
-1.90695
-2.0137
-2.12137
-2.23033
-2.34106
-2.45424
-2.57083
-2.69229
-2.82098
-2.96079
-3.11897
-3.30979
-3.56426
-3.94705
-4.39764
0.529873
0.356573
0.101241
-0.0933049
-0.254009
-0.395445
-0.525187
-0.647385
-0.764494
-0.878048
-0.989066
-1.09824
-1.20608
-1.31296
-1.41919
-1.52502
-1.63067
-1.73635
-1.84228
-1.94868
-2.05582
-2.16403
-2.27371
-2.38542
-2.49994
-2.6184
-2.74255
-2.87526
-3.02149
-3.19051
-3.40123
-3.6939
-4.12297
-2.36384
0.528619
0.241145
0.0171802
-0.160195
-0.311466
-0.447345
-0.573588
-0.693477
-0.80901
-0.921457
-1.03169
-1.1403
-1.24774
-1.35436
-1.46044
-1.56621
-1.67189
-1.77769
-1.88384
-1.99056
-2.09814
-2.20695
-2.31745
-2.43027
-2.54631
-2.66692
-2.79422
-2.93177
-3.08581
-3.26844
-3.50451
-3.84121
-4.20298
0.390292
0.402222
0.142106
-0.0580516
-0.222463
-0.366295
-0.497643
-0.620971
-0.738899
-0.853069
-0.964551
-1.07409
-1.18221
-1.28931
-1.39572
-1.50168
-1.60743
-1.71317
-1.81912
-1.92551
-2.0326
-2.14069
-2.25018
-2.3616
-2.47567
-2.59346
-2.71657
-2.8476
-2.99096
-3.15466
-3.3545
-3.62203
-3.99391
-3.0874
0.561885
0.285886
0.0554492
-0.126781
-0.281117
-0.419013
-0.546627
-0.667495
-0.783735
-0.896721
-1.00736
-1.11629
-1.22399
-1.33081
-1.43703
-1.54291
-1.64867
-1.75451
-1.86065
-1.96733
-2.07483
-2.18349
-2.29375
-2.40621
-2.52171
-2.64151
-2.76755
-2.90299
-3.05342
-3.22914
-3.45062
-3.75432
-4.08309
-0.0923212
0.4481
0.184196
-0.0220907
-0.190532
-0.336948
-0.470005
-0.594514
-0.713284
-0.828077
-0.940032
-1.04993
-1.15834
-1.26566
-1.37223
-1.47832
-1.58416
-1.68995
-1.79593
-1.90229
-2.00931
-2.11728
-2.22657
-2.3377
-2.45134
-2.56848
-2.69061
-2.82009
-2.96085
-3.11994
-3.31073
-3.55898
-3.89287
-3.60213
0.585799
0.331885
0.0947163
-0.0927665
-0.25046
-0.390514
-0.519588
-0.641467
-0.758445
-0.87198
-0.983035
-1.09229
-1.20023
-1.30724
-1.41361
-1.51959
-1.62542
-1.73129
-1.83742
-1.94406
-2.05146
-2.15996
-2.26998
-2.38208
-2.49707
-2.61609
-2.74094
-2.8745
-3.02169
-3.1915
-3.40113
-3.68012
-3.99239
-1.50358
0.493443
0.22762
0.0146939
-0.15815
-0.30735
-0.442231
-0.567985
-0.687633
-0.803069
-0.915505
-1.02577
-1.13446
-1.242
-1.34874
-1.45494
-1.56086
-1.6667
-1.77268
-1.87902
-1.98597
-2.09381
-2.20291
-2.31374
-2.42696
-2.54348
-2.66469
-2.79272
-2.93116
-3.08619
-3.26937
-3.50219
-3.80883
-3.79822
0.593344
0.379038
0.135123
-0.0581123
-0.219451
-0.361822
-0.492439
-0.615389
-0.733129
-0.847226
-0.958699
-1.06827
-1.17646
-1.28366
-1.39017
-1.49625
-1.60213
-1.70803
-1.81415
-1.92074
-2.02804
-2.13638
-2.24615
-2.35791
-2.4724
-2.59068
-2.71441
-2.84623
-2.99052
-3.15521
-3.35497
-3.61475
-3.91585
-2.31358
0.536909
0.272493
0.0524274
-0.125248
-0.277475
-0.414306
-0.541371
-0.661939
-0.778038
-0.890965
-1.0016
-1.11057
-1.21833
-1.32522
-1.43155
-1.53754
-1.64343
-1.74941
-1.85571
-1.96258
-2.07029
-2.17919
-2.28974
-2.40255
-2.51848
-2.6388
-2.7655
-2.90179
-3.05323
-3.22984
-3.45008
-3.73591
-3.85994
0.571347
0.427496
0.176952
-0.02264
-0.187986
-0.332886
-0.465148
-0.589223
-0.707763
-0.822442
-0.934348
-1.04425
-1.15268
-1.26006
-1.36671
-1.47289
-1.57883
-1.68475
-1.79086
-1.89738
-2.00458
-2.11276
-2.2223
-2.33372
-2.44771
-2.5653
-2.68799
-2.81818
-2.95987
-3.12003
-3.31148
-3.55578
-3.84714
-2.87356
0.576522
0.318972
0.0912752
-0.0917215
-0.247244
-0.386186
-0.514645
-0.636182
-0.75297
-0.866406
-0.977419
-1.08667
-1.19464
-1.3017
-1.40814
-1.5142
-1.62013
-1.72611
-1.83238
-1.93916
-2.04674
-2.15545
-2.26571
-2.37812
-2.49347
-2.61297
-2.73842
-2.87275
-3.02095
-3.19187
-3.40155
-3.67061
-3.86528
0.49316
0.476608
0.220271
0.0137044
-0.156051
-0.303691
-0.437712
-0.562974
-0.682354
-0.797626
-0.90998
-1.02021
-1.1289
-1.23647
-1.34324
-1.44951
-1.55551
-1.66144
-1.76753
-1.87399
-1.98109
-2.0891
-2.19841
-2.3095
-2.42303
-2.53994
-2.66165
-2.79035
-2.92964
-3.0858
-3.27008
-3.50157
-3.78334
-3.33134
0.608863
0.367284
0.131394
-0.0575027
-0.216644
-0.357852
-0.4878
-0.610358
-0.727867
-0.841826
-0.953228
-1.06277
-1.17096
-1.27817
-1.38472
-1.49086
-1.59681
-1.70279
-1.80902
-1.91572
-2.02317
-2.13168
-2.24167
-2.35369
-2.46849
-2.5872
-2.71148
-2.84402
-2.98929
-3.15522
-3.35589
-3.61088
-3.84338
0.302229
0.526085
0.265312
0.0510554
-0.123563
-0.274182
-0.410109
-0.536638
-0.656889
-0.772788
-0.885598
-0.996167
-1.1051
-1.21286
-1.31977
-1.42613
-1.53217
-1.63812
-1.74419
-1.85059
-1.95757
-2.06543
-2.1745
-2.28527
-2.39834
-2.51461
-2.63539
-2.76269
-2.89981
-3.05236
-3.23038
-3.45091
-3.72317
-3.59712
0.628317
0.417485
0.172995
-0.0224545
-0.185606
-0.329264
-0.460809
-0.584451
-0.702721
-0.817217
-0.929018
-1.03886
-1.14726
-1.25463
-1.36129
-1.4675
-1.57348
-1.67946
-1.78565
-1.89226
-1.99958
-2.1079
-2.21762
-2.32925
-2.44353
-2.56149
-2.68467
-2.81554
-2.95817
-3.11963
-3.31254
-3.55547
-3.80759
-0.155763
0.575214
0.31234
0.0895722
-0.0904545
-0.24433
-0.382311
-0.51019
-0.631364
-0.747919
-0.861201
-0.972116
-1.08131
-1.18925
-1.2963
-1.40274
-1.50883
-1.6148
-1.72083
-1.82718
-1.93405
-2.04175
-2.15059
-2.26104
-2.37368
-2.48933
-2.60923
-2.73524
-2.87035
-3.01967
-3.19215
-3.40325
-3.66611
-3.72059
0.624771
0.469831
0.216268
0.013499
-0.154054
-0.300414
-0.433681
-0.55846
-0.677521
-0.792588
-0.904799
-1.01494
-1.12356
-1.23109
-1.33786
-1.44414
-1.55015
-1.65612
-1.76226
-1.86879
-1.97597
-2.0841
-2.19355
-2.30483
-2.4186
-2.53583
-2.65798
-2.78731
-2.92752
-3.08498
-3.27107
-3.50332
-3.76412
