0
1.68017e-007
1.24094e-006
4.49588e-006
1.18646e-005
2.6022e-005
5.04316e-005
8.93317e-005
0.000147648
0.000230821
0.000344549
0.000494443
0.000685613
0.000922211
0.00120695
0.00154064
0.00192183
0.00234651
0.00280801
0.00329707
0.00380219
0.00431009
0.00480654
0.00527726
0.00570909
0.00609108
0.0064157
0.00667991
0.00688598
0.00704204
0.00716224
0.00726648
0.00737961
0.00753016
0.00774866
0.00806557
0.00850892
0.0091019
0.00986045
0.0107911
0.0118894
0.013233
0.0147645
0.0164021
0.0180427
0.0195653
0.0208373
0.0217208
0.0220807
0.0217924
0.0207504
0.0188751
0.0161198
0.0124749
0.00797108
0.00267977
-0.0032885
-0.00978808
-0.0166443
-0.0236615
-0.0306318
-0.0373459
-0.0436029
-0.04922
-0.0540422
-0.057949
-0.0608604
-0.0627399
-0.063596
-0.0634797
-0.0624817
-0.0607262
-0.0583637
-0.0555626
-0.0524998
-0.0493523
-0.0462881
-0.0434587
-0.0409929
-0.0389922
-0.0375277
-0.0366391
-0.0363356
-0.0365978
-0.0373815
-0.0386221
-0.0402395
-0.042144
-0.044241
-0.0464361
-0.0486396
-0.0507694
-0.0527539
-0.0545334
-0.0560608
-0.0573018
-0.0582336
-0.058844
-0.0591303
-0.0590967
-0.0587537
-0.0581162
-0.057202
-0.0560315
-0.0546268
-0.0530112
-0.0512095
-0.0492477
-0.0471536
-0.0449564
-0.0426874
-0.0403797
-0.038068
-0.0357884
-0.033578
-0.0314737
-0.0295119
-0.0277275
-0.0261527
-0.0248161
-0.0237531
-0.0229659
-0.0224685
-0.0222688
-0.0223679
-0.02276
-0.0234331
-0.0243686
-0.0255422
-0.0269241
-0.0284801
-0.0301718
-0.0319578
-0.0337947
-0.0356378
-0.0374422
-0.0391639
-0.0407605
-0.0421926
-0.0434243
-0.0444241
-0.0451655
-0.0456279
-0.0457967
-0.045664
-0.0452281
-0.0444946
-0.0434752
-0.0421881
-0.0406574
-0.0389125
-0.0369876
-0.0349209
-0.0327537
-0.0305292
-0.0282922
-0.0260877
-0.0239597
-0.0219506
-0.0201002
-0.0184446
-0.0170155
-0.0158398
-0.0149384
-0.0143262
-0.0140117
-0.0139967
-0.0142761
-0.0148386
-0.0156663
-0.0167353
-0.0180167
-0.0194765
-0.0210767
-0.0227763
-0.0245319
-0.0262991
-0.0280327
-0.0296888
-0.0312248
-0.0326008
-0.0337806
-0.0347322
-0.0354285
-0.0358482
-0.0359762
-0.0358038
-0.0353287
-0.0345557
-0.0334959
-0.0321668
-0.0305919
-0.0288002
-0.0268254
-0.0247051
-0.0224805
-0.0201946
-0.0178922
-0.0156182
-0.0134167
-0.0113305
-0.00939965
-0.00766061
-0.00614574
-0.0048823
-0.00389192
-0.0031902
-0.00278626
-0.00268251
-0.00287491
-0.00335247
-0.00409815
-0.00508872
-0.00629557
-0.00768529
-0.00922028
-0.0108599
-0.0125609
-0.0142788
-0.0159687
-0.0175864
-0.019089
-0.0204366
-0.0215922
-0.0225234
-0.0232028
-0.0236083
-0.0237241
-0.0235409
-0.0230557
-0.0222725
-0.0212017
-0.0198603
-0.0182712
-0.0164627
-0.0144681
-0.0123248
-0.0100734
-0.0077569
-0.00541993
-0.00310738
-0.000863643
0.00126846
0.00324852
0.00503957
0.00660887
0.00792856
0.00897638
0.00973611
0.0101979
0.0103586
0.0102216
0.00979721
0.00910183
0.00815802
0.00699386
0.00564229
0.00414049
0.00252888
0.000850456
-0.000850435
-0.0025289
-0.00414048
-0.0056423
-0.00699387
-0.00815805
-0.00910185
-0.00979724
-0.0102216
-0.0103586
-0.0101979
-0.00973611
-0.00897638
-0.00792858
-0.00660886
-0.00503957
-0.00324852
-0.00126846
0.000863635
0.00310738
0.00541993
0.0077569
0.0100733
0.0123248
0.0144681
0.0164627
0.0182712
0.0198603
0.0212017
0.0222724
0.0230557
0.0235408
0.0237241
0.0236083
0.0232027
0.0225234
0.0215922
0.0204365
0.0190891
0.0175864
0.0159687
0.0142788
0.0125609
0.0108599
0.00922031
0.00768527
0.00629555
0.00508871
0.00409815
0.00335246
0.00287488
0.00268252
0.00278624
0.00319018
0.00389193
0.0048823
0.00614575
0.00766062
0.00939963
0.0113305
0.0134167
0.0156181
0.0178922
0.0201946
0.0224805
0.0247051
0.0268254
0.0288002
0.030592
0.0321668
0.0334959
0.0345557
0.0353287
0.0358038
0.0359762
0.0358482
0.0354284
0.0347322
0.0337806
0.0326008
0.0312248
0.0296888
0.0280327
0.026299
0.0245319
0.0227763
0.0210767
0.0194765
0.0180168
0.0167354
0.0156663
0.0148386
0.0142761
0.0139967
0.0140118
0.0143262
0.0149384
0.0158398
0.0170155
0.0184446
0.0201002
0.0219506
0.0239597
0.0260877
0.0282922
0.0305292
0.0327536
0.0349209
0.0369876
0.0389125
0.0406573
0.0421881
0.0434752
0.0444946
0.0452281
0.0456639
0.0457967
0.0456279
0.0451655
0.0444241
0.0434243
0.0421926
0.0407605
0.0391638
0.0374422
0.0356378
0.0337947
0.0319578
0.0301718
0.0284801
0.0269241
0.0255421
0.0243686
0.0234331
0.02276
0.0223679
0.0222688
0.0224685
0.0229659
0.0237531
0.0248161
0.0261343
0.0276818
0.0294271
0.0313346
0.0333648
0.0354758
0.0376233
0.0397627
0.0418491
0.0438389
0.0456907
0.0473659
0.0488299
0.0500528
0.0510098
0.0516822
0.0520573
0.0521293
0.0518988
0.0513732
0.0505664
0.0494984
0.048195
0.0466874
0.0450108
0.0432047
0.0413109
0.0393734
0.037437
0.0355465
0.0337454
0.0320756
0.0305757
0.0292803
0.02822
0.0274194
0.0268978
0.0266681
0.0267366
0.0271028
0.0277599
0.0286942
0.029886
0.0313097
0.0329345
0.0347253
0.0366429
0.0386455
0.0406893
0.0427293
0.0447209
0.0466202
0.0483855
0.0499779
0.0513624
0.0525085
0.053391
0.0539903
0.0542933
0.0542933
0.0539903
0.053391
0.0525085
0.0513624
0.0499779
0.0483854
0.0466201
0.0447209
0.0427293
0.0406892
0.0386455
0.0366429
0.0347253
0.0329345
0.0313097
0.0298859
0.0286942
0.0277599
0.0271028
0.0267366
0.0266681
0.0268978
0.0274194
0.0282199
0.0292804
0.0305757
0.0320756
0.0337455
0.0355464
0.037437
0.0393734
0.0413109
0.0432047
0.0450108
0.0466873
0.048195
0.0494984
0.0505664
0.0513732
0.0518988
0.0521293
0.0520573
0.0516821
0.0510098
0.0500527
0.0488299
0.0473659
0.0456907
0.0438389
0.0418491
0.0397627
0.0376233
0.0354758
0.0333649
0.0313346
0.0294271
0.0276818
0.0261343
0.0248161
0.0237531
0.0229659
0.0224685
0.0222688
0.0223679
0.02276
0.0234331
0.0243686
0.0255422
0.0269241
0.0284801
0.0301718
0.0319578
0.0337947
0.0356378
0.0374422
0.0391639
0.0407605
0.0421926
0.0434243
0.0444241
0.0451655
0.0456279
0.0457967
0.045664
0.0452281
0.0444946
0.0434752
0.0421881
0.0406574
0.0389125
0.0369876
0.0349209
0.0327537
0.0305292
0.0282922
0.0260877
0.0239597
0.0219506
0.0201002
0.0184446
0.0170155
0.0158398
0.0149384
0.0143262
0.0140117
0.0139967
0.0142761
0.0148386
0.0156663
0.0167353
0.0180167
0.0194765
0.0210767
0.0227763
0.0245319
0.0262991
0.0280327
0.0296888
0.0312248
0.0326008
0.0337806
0.0347322
0.0354285
0.0358482
0.0359762
0.0358038
0.0353287
0.0345557
0.0334959
0.0321668
0.0305919
0.0288002
0.0268254
0.0247051
0.0224805
0.0201946
0.0178922
0.0156182
0.0134167
0.0113305
0.00939965
0.00766061
0.00614574
0.0048823
0.00389192
0.0031902
0.00278626
0.00268251
0.00287491
0.00335247
0.00409815
0.00508872
0.00629557
0.00768529
0.00922028
0.0108599
0.0125609
0.0142788
0.0159687
0.0175864
0.019089
0.0204366
0.0215922
0.0225234
0.0232028
0.0236083
0.0237241
0.0235409
0.0230557
0.0222725
0.0212017
0.0198603
0.0182712
0.0164627
0.0144681
0.0123248
0.0100734
0.0077569
0.00541993
