0
0.0784591
0.156434
0.233445
0.309017
0.382683
0.45399
0.522499
0.587785
0.649448
0.707107
0.760406
0.809017
0.85264
0.891007
0.92388
0.951057
0.97237
0.987688
0.996917
1
0.996917
0.987688
0.97237
0.951057
0.92388
0.891007
0.85264
0.809017
0.760406
0.707107
0.649448
0.587785
0.522499
0.45399
0.382683
0.309017
0.233445
0.156434
0.0784591
1.22461e-016
-0.0784591
-0.156434
-0.233445
-0.309017
-0.382683
-0.45399
-0.522499
-0.587785
-0.649448
-0.707107
-0.760406
-0.809017
-0.85264
-0.891007
-0.92388
-0.951057
-0.97237
-0.987688
-0.996917
-1
-0.996917
-0.987688
-0.97237
-0.951057
-0.92388
-0.891007
-0.85264
-0.809017
-0.760406
-0.707107
-0.649448
-0.587785
-0.522499
-0.45399
-0.382683
-0.309017
-0.233445
-0.156434
-0.0784591
-2.44921e-016
0.0784591
0.156434
0.233445
0.309017
0.382683
0.45399
0.522499
0.587785
0.649448
0.707107
0.760406
0.809017
0.85264
0.891007
0.92388
0.951057
0.97237
0.987688
0.996917
1
0.996917
0.987688
0.97237
0.951057
0.92388
0.891007
0.85264
0.809017
0.760406
0.707107
0.649448
0.587785
0.522499
0.45399
0.382683
0.309017
0.233445
0.156434
0.0784591
3.67382e-016
-0.0784591
-0.156434
-0.233445
-0.309017
-0.382683
-0.45399
-0.522499
-0.587785
-0.649448
-0.707107
-0.760406
-0.809017
-0.85264
-0.891007
-0.92388
-0.951057
-0.97237
-0.987688
-0.996917
-1
-0.996917
-0.987688
-0.97237
-0.951057
-0.92388
-0.891007
-0.85264
-0.809017
-0.760406
-0.707107
-0.649448
-0.587785
-0.522499
-0.45399
-0.382683
-0.309017
-0.233445
-0.156434
-0.0784591
-4.89843e-016
0.0784591
0.156434
0.233445
0.309017
0.382683
0.45399
0.522499
0.587785
0.649448
0.707107
0.760406
0.809017
0.85264
0.891007
0.92388
0.951057
0.97237
0.987688
0.996917
1
0.996917
0.987688
0.97237
0.951057
0.92388
0.891007
0.85264
0.809017
0.760406
0.707107
0.649448
0.587785
0.522499
0.45399
0.382683
0.309017
0.233445
0.156434
0.0784591
6.12303e-016
-0.0784591
-0.156434
-0.233445
-0.309017
-0.382683
-0.45399
-0.522499
-0.587785
-0.649448
-0.707107
-0.760406
-0.809017
-0.85264
-0.891007
-0.92388
-0.951057
-0.97237
-0.987688
-0.996917
-1
-0.996917
-0.987688
-0.97237
-0.951057
-0.92388
-0.891007
-0.85264
-0.809017
-0.760406
-0.707107
-0.649448
-0.587785
-0.522499
-0.45399
-0.382683
-0.309017
-0.233445
-0.156434
-0.0784591
-7.34764e-016
0.0784591
0.156434
0.233445
0.309017
0.382683
0.45399
0.522499
0.587785
0.649448
0.707107
0.760406
0.809017
0.85264
0.891007
0.92388
0.951057
0.97237
0.987688
0.996917
1
0.996917
0.987688
0.97237
0.951057
0.92388
0.891007
0.85264
0.809017
0.760406
0.707107
0.649448
0.587785
0.522499
0.45399
0.382683
0.309017
0.233445
0.156434
0.0784591
8.57224e-016
-0.0784591
-0.156434
-0.233445
-0.309017
-0.382683
-0.45399
-0.522499
-0.587785
-0.649448
-0.707107
-0.760406
-0.809017
-0.85264
-0.891007
-0.92388
-0.951057
-0.97237
-0.987688
-0.996917
-1
-0.996917
-0.987688
-0.97237
-0.951057
-0.92388
-0.891007
-0.85264
-0.809017
-0.760406
-0.707107
-0.649448
-0.587785
-0.522499
-0.45399
-0.382683
-0.309017
-0.233445
-0.156434
-0.0784591
-9.79685e-016
0.0784591
0.156434
0.233445
0.309017
0.382683
0.45399
0.522499
0.587785
0.649448
0.707107
0.760406
0.809017
0.85264
0.891007
0.92388
0.951057
0.97237
0.987688
0.996917
1
0.996917
0.987688
0.97237
0.951057
0.92388
0.891007
0.85264
0.809017
0.760406
0.707107
0.649448
0.587785
0.522499
0.45399
0.382683
0.309017
0.233445
0.156434
0.0784591
1.10215e-015
-0.0784591
-0.156434
-0.233445
-0.309017
-0.382683
-0.45399
-0.522499
-0.587785
-0.649448
-0.707107
-0.760406
-0.809017
-0.85264
-0.891007
-0.92388
-0.951057
-0.97237
-0.987688
-0.996917
-1
-0.996917
-0.987688
-0.97237
-0.951057
-0.92388
-0.891007
-0.85264
-0.809017
-0.760406
-0.707107
-0.649448
-0.587785
-0.522499
-0.45399
-0.382683
-0.309017
-0.233445
-0.156434
-0.0784591
-1.22461e-015
0.0784591
0.156434
0.233445
0.309017
0.382683
0.45399
0.522499
0.587785
0.649448
0.707107
0.760406
0.809017
0.85264
0.891007
0.92388
0.951057
0.97237
0.987688
0.996917
1
0.996917
0.987688
0.97237
0.951057
0.92388
0.891007
0.85264
0.809017
0.760406
0.707107
0.649448
0.587785
0.522499
0.45399
0.382683
0.309017
0.233445
0.156434
0.0784591
4.89978e-015
-0.0784591
-0.156434
-0.233445
-0.309017
-0.382683
-0.45399
-0.522499
-0.587785
-0.649448
-0.707107
-0.760406
-0.809017
-0.85264
-0.891007
-0.92388
-0.951057
-0.97237
-0.987688
-0.996917
-1
-0.996917
-0.987688
-0.97237
-0.951057
-0.92388
-0.891007
-0.85264
-0.809017
-0.760406
-0.707107
-0.649448
-0.587785
-0.522499
-0.45399
-0.382683
-0.309017
-0.233445
-0.156434
-0.0784591
-1.46953e-015
0.0784591
0.156434
0.233445
0.309017
0.382683
0.45399
0.522499
0.587785
0.649448
0.707107
0.760406
0.809017
0.85264
0.891007
0.92388
0.951057
0.97237
0.987688
0.996917
1
0.996917
0.987688
0.97237
0.951057
0.92388
0.891007
0.85264
0.809017
0.760406
0.707107
0.649448
0.587785
0.522499
0.45399
0.382683
0.309017
0.233445
0.156434
0.0784591
-1.96073e-015
-0.0784591
-0.156434
-0.233445
-0.309017
-0.382683
-0.45399
-0.522499
-0.587785
-0.649448
-0.707107
-0.760406
-0.809017
-0.85264
-0.891007
-0.92388
-0.951057
-0.97237
-0.987688
-0.996917
-1
-0.996917
-0.987688
-0.97237
-0.951057
-0.92388
-0.891007
-0.85264
-0.809017
-0.760406
-0.707107
-0.649448
-0.587785
-0.522499
-0.45399
-0.382683
-0.309017
-0.233445
-0.156434
-0.0784591
-1.71445e-015
0.0784591
0.156434
0.233445
0.309017
0.382683
0.45399
0.522499
0.587785
0.649448
0.707107
0.760406
0.809017
0.85264
0.891007
0.92388
0.951057
0.97237
0.987688
0.996917
1
0.996917
0.987688
0.97237
0.951057
0.92388
0.891007
0.85264
0.809017
0.760406
0.707107
0.649448
0.587785
0.522499
0.45399
0.382683
0.309017
0.233445
0.156434
0.0784591
5.38962e-015
-0.0784591
-0.156434
-0.233445
-0.309017
-0.382683
-0.45399
-0.522499
-0.587785
-0.649448
-0.707107
-0.760406
-0.809017
-0.85264
-0.891007
-0.92388
-0.951057
-0.97237
-0.987688
-0.996917
-1
-0.996917
-0.987688
-0.97237
-0.951057
-0.92388
-0.891007
-0.85264
-0.809017
-0.760406
-0.707107
-0.649448
-0.587785
-0.522499
-0.45399
-0.382683
-0.309017
-0.233445
-0.156434
-0.0784591
