0
0.070627
0.140901
0.210472
0.278991
0.346117
0.411514
0.474856
0.535827
0.594121
0.649448
0.701531
0.750111
0.794944
0.835807
0.872496
0.904827
0.932639
0.955793
0.974173
0.987688
0.99627
0.999877
0.998489
0.992115
0.980785
0.964557
0.943512
0.917755
0.887413
0.85264
0.813608
0.770513
0.72357
0.673013
0.619094
0.562083
0.502266
0.439939
0.375416
0.309017
0.241075
0.171929
0.101924
0.0314108
-0.0392598
-0.109734
-0.179661
-0.24869
-0.316477
-0.382683
-0.446979
-0.509041
-0.568562
-0.625243
-0.678801
-0.728969
-0.775496
-0.81815
-0.856718
-0.891007
-0.920845
-0.946085
-0.9666
-0.982287
-0.993068
-0.99889
-0.999722
-0.995562
-0.986429
-0.97237
-0.953454
-0.929776
-0.901455
-0.868632
-0.83147
-0.790155
-0.744894
-0.695913
-0.643456
-0.587785
-0.529179
-0.46793
-0.404344
-0.338738
-0.27144
-0.202787
-0.133121
-0.0627905
0.0078539
0.0784591
0.148672
0.218143
0.286525
0.353475
0.41866
0.481754
0.542442
0.60042
0.6554
0.707107
0.755282
0.799685
0.840094
0.876307
0.908143
0.935444
0.958073
0.975917
0.988886
0.996917
0.999969
0.998027
0.9911
0.979223
0.962455
0.940881
0.914607
0.883766
0.84851
0.809017
0.765483
0.718126
0.667183
0.612907
0.55557
0.495459
0.432873
0.368125
0.301538
0.233445
0.164187
0.0941083
0.0235598
-0.0471065
-0.117537
-0.187381
-0.256289
-0.323917
-0.389928
-0.45399
-0.515786
-0.575005
-0.631353
-0.684547
-0.734323
-0.78043
-0.822641
-0.860742
-0.894545
-0.92388
-0.9486
-0.968583
-0.983729
-0.993961
-0.999229
-0.999507
-0.994792
-0.985109
-0.970506
-0.951057
-0.926857
-0.898028
-0.864713
-0.827081
-0.785317
-0.739631
-0.690251
-0.637424
-0.581413
-0.522499
-0.460974
-0.397148
-0.331338
-0.263873
-0.19509
-0.125333
-0.0549502
0.0157073
0.0862864
0.156434
0.225801
0.29404
0.360811
0.425779
0.488621
0.549023
0.606682
0.661312
0.712639
0.760406
0.804376
0.844328
0.880063
0.911403
0.938191
0.960294
0.9776
0.990024
0.997503
1
0.997503
0.990024
0.9776
0.960294
0.938191
0.911403
0.880063
0.844328
0.804376
0.760406
0.712639
0.661312
0.606682
0.549023
0.488621
0.425779
0.360811
0.29404
0.225801
0.156434
0.0862864
0.0157073
-0.0549502
-0.125333
-0.19509
-0.263873
-0.331338
-0.397148
-0.460974
-0.522499
-0.581413
-0.637424
-0.690251
-0.739631
-0.785317
-0.827081
-0.864713
-0.898028
-0.926857
-0.951057
-0.970506
-0.985109
-0.994792
-0.999507
-0.999229
-0.993961
-0.983729
-0.968583
-0.9486
-0.92388
-0.894545
-0.860742
-0.822641
-0.78043
-0.734323
-0.684547
-0.631353
-0.575005
-0.515786
-0.45399
-0.389928
-0.323917
-0.256289
-0.187381
-0.117537
-0.0471065
0.0235598
0.0941083
0.164187
0.233445
0.301538
0.368125
0.432873
0.495459
0.55557
0.612907
0.667183
0.718126
0.765483
0.809017
0.84851
0.883766
0.914607
0.940881
0.962455
0.979223
0.9911
0.998027
0.999969
0.996917
0.988886
0.975917
0.958073
0.935444
0.908143
0.876307
0.840094
0.799685
0.755282
0.707107
0.6554
0.60042
0.542442
0.481754
0.41866
0.353475
0.286525
0.218143
0.148672
0.0784591
0.0078539
-0.0627905
-0.133121
-0.202787
-0.27144
-0.338738
-0.404344
-0.46793
-0.529179
-0.587785
-0.643456
-0.695913
-0.744894
-0.790155
-0.83147
-0.868632
-0.901455
-0.929776
-0.953454
-0.97237
-0.986429
-0.995562
-0.999722
-0.99889
-0.993068
-0.982287
-0.9666
-0.946085
-0.920845
-0.891007
-0.856718
-0.81815
-0.775496
-0.728969
-0.678801
-0.625243
-0.568562
-0.509041
-0.446979
-0.382683
-0.316477
-0.24869
-0.179661
-0.109734
-0.0392598
0.0314108
0.101924
0.171929
0.241075
0.309017
0.375416
0.439939
0.502266
0.562083
0.619094
0.673013
0.72357
0.770513
0.813608
0.85264
0.887413
0.917755
0.943512
0.964557
0.980785
0.992115
0.998489
0.999877
0.99627
0.987688
0.974173
0.955793
0.932639
0.904827
0.872496
0.835807
0.794944
0.750111
0.701531
0.649448
0.594121
0.535827
0.474856
0.411514
0.346117
0.278991
0.210472
0.140901
0.070627
1.10215e-015
-0.070627
-0.140901
-0.210472
-0.278991
-0.346117
-0.411514
-0.474856
-0.535827
-0.594121
-0.649448
-0.701531
-0.750111
-0.794944
-0.835807
-0.872496
-0.904827
-0.932639
-0.955793
-0.974173
-0.987688
-0.99627
-0.999877
-0.998489
-0.992115
-0.980785
-0.964557
-0.943512
-0.917755
-0.887413
-0.85264
-0.813608
-0.770513
-0.72357
-0.673013
-0.619094
-0.562083
-0.502266
-0.439939
-0.375416
-0.309017
-0.241075
-0.171929
-0.101924
-0.0314108
0.0392598
0.109734
0.179661
0.24869
0.316477
0.382683
0.446979
0.509041
0.568562
0.625243
0.678801
0.728969
0.775496
0.81815
0.856718
0.891007
0.920845
0.946085
0.9666
0.982287
0.993068
0.99889
0.999722
0.995562
0.986429
0.97237
0.953454
0.929776
0.901455
0.868632
0.83147
0.790155
0.744894
0.695913
0.643456
0.587785
0.529179
0.46793
0.404344
0.338738
0.27144
0.202787
0.133121
0.0627905
-0.0078539
-0.0784591
-0.148672
-0.218143
-0.286525
-0.353475
-0.41866
-0.481754
-0.542442
-0.60042
-0.6554
-0.707107
-0.755282
-0.799685
-0.840094
-0.876307
-0.908143
-0.935444
-0.958073
-0.975917
-0.988886
-0.996917
-0.999969
-0.998027
-0.9911
-0.979223
-0.962455
-0.940881
-0.914607
-0.883766
-0.84851
-0.809017
-0.765483
-0.718126
-0.667183
-0.612907
-0.55557
-0.495459
-0.432873
-0.368125
-0.301538
-0.233445
-0.164187
-0.0941083
-0.0235598
0.0471065
0.117537
0.187381
0.256289
0.323917
0.389928
0.45399
0.515786
0.575005
0.631353
0.684547
0.734323
0.78043
0.822641
0.860742
0.894545
0.92388
0.9486
0.968583
0.983729
0.993961
0.999229
0.999507
0.994792
0.985109
0.970506
0.951057
0.926857
0.898028
0.864713
0.827081
0.785317
0.739631
0.690251
0.637424
0.581413
0.522499
0.460974
0.397148
0.331338
0.263873
0.19509
0.125333
0.0549502
-0.0157073
-0.0862864
-0.156434
-0.225801
-0.29404
-0.360811
-0.425779
-0.488621
-0.549023
-0.606682
-0.661312
-0.712639
-0.760406
-0.804376
-0.844328
-0.880063
-0.911403
-0.938191
-0.960294
-0.9776
-0.990024
-0.997503
-1
-0.997503
-0.990024
-0.9776
-0.960294
-0.938191
-0.911403
-0.880063
-0.844328
-0.804376
-0.760406
-0.712639
-0.661312
-0.606682
-0.549023
-0.488621
-0.425779
-0.360811
-0.29404
-0.225801
-0.156434
-0.0862864
-0.0157073
0.0549502
0.125333
0.19509
0.263873
0.331338
0.397148
0.460974
0.522499
0.581413
0.637424
0.690251
0.739631
0.785317
0.827081
0.864713
0.898028
0.926857
